x y u v
0.2 0.2 0.707107 -0.707107
0.2 0.6 0.164399 -0.986394
0.2 1 -6.93889e-17 -1
0.2 1.4 -0.071247 -0.997459
0.2 1.8 -0.110432 -0.993884
0.2 2.2 -0.135113 -0.99083
0.2 2.6 -0.152057 -0.988372
0.2 3 -0.164399 -0.986394
0.6 0.2 0.986394 -0.164399
0.6 0.6 0.707107 -0.707107
0.6 1 -2.77556e-16 -1
0.6 1.4 -0.393919 -0.919145
0.6 1.8 -0.5547 -0.83205
0.6 2.2 -0.633238 -0.773957
0.6 2.6 -0.67828 -0.734803
0.6 3 -0.707107 -0.707107
1 0.2 1 6.93889e-17
1 0.6 1 2.77556e-16
1 1 -0.707107 0.707107
1 1.4 -1 5.55112e-16
1 1.8 -1 5.55112e-16
1 2.2 -1 3.70074e-16
1 2.6 -1 2.77556e-16
1 3 -1 4.44089e-16
1.4 0.2 0.997459 0.071247
1.4 0.6 0.919145 0.393919
1.4 1 -5.55112e-16 1
1.4 1.4 -0.707107 0.707107
1.4 1.8 -0.841178 0.540758
1.4 2.2 -0.885832 0.464007
1.4 2.6 -0.907009 0.421111
1.4 3 -0.919145 0.393919
1.8 0.2 0.993884 0.110432
1.8 0.6 0.83205 0.5547
1.8 1 -5.55112e-16 1
1.8 1.4 -0.540758 0.841178
1.8 1.8 -0.707107 0.707107
1.8 2.2 -0.775235 0.631673
1.8 2.6 -0.810679 0.585491
1.8 3 -0.83205 0.5547
2.2 0.2 0.99083 0.135113
2.2 0.6 0.773957 0.633238
2.2 1 -3.70074e-16 1
2.2 1.4 -0.464007 0.885832
2.2 1.8 -0.631673 0.775235
2.2 2.2 -0.707107 0.707107
2.2 2.6 -0.748347 0.663308
2.2 3 -0.773957 0.633238
2.6 0.2 0.988372 0.152057
2.6 0.6 0.734803 0.67828
2.6 1 -2.77556e-16 1
2.6 1.4 -0.421111 0.907009
2.6 1.8 -0.585491 0.810679
2.6 2.2 -0.663308 0.748347
2.6 2.6 -0.707107 0.707107
2.6 3 -0.734803 0.67828
3 0.2 0.986394 0.164399
3 0.6 0.707107 0.707107
3 1 -4.44089e-16 1
3 1.4 -0.393919 0.919145
3 1.8 -0.5547 0.83205
3 2.2 -0.633238 0.773957
3 2.6 -0.67828 0.734803
3 3 -0.707107 0.707107
