x y
0.100299 0.985669
0.100652 0.921426
0.101709 0.84926
0.10347 0.781433
0.105935 0.718376
0.109103 0.660157
0.112972 0.60671
0.117541 0.557878
0.122808 0.51344
0.128772 0.473131
0.135429 0.43666
0.142777 0.403722
0.150813 0.374016
0.159535 0.347244
0.168938 0.323126
0.179019 0.301399
0.189775 0.28182
0.2012 0.264166
0.213291 0.248236
0.226043 0.23385
0.23945 0.220845
0.253508 0.209077
0.268211 0.198416
0.283553 0.188748
0.299528 0.179972
0.316131 0.171998
0.333354 0.164746
0.351191 0.158146
0.369635 0.152134
0.388679 0.146656
0.408315 0.141663
0.428536 0.13711
0.449333 0.132959
0.470699 0.129175
0.492625 0.125727
0.515103 0.122589
0.538124 0.119735
0.561679 0.117144
0.585758 0.114796
0.610353 0.112674
0.635454 0.110762
0.66105 0.109047
0.687133 0.107515
0.713691 0.106156
0.740714 0.104959
0.768193 0.103916
0.796115 0.103018
0.824471 0.102258
0.853249 0.10163
0.882438 0.101128
0.912026 0.100747
0.942003 0.100483
0.972355 0.100331
1.00307 0.100288
1.03414 0.100351
1.06555 0.100517
1.09729 0.100785
1.12934 0.101151
1.1617 0.101614
1.19435 0.102174
1.22727 0.102828
1.26046 0.103577
1.2939 0.104419
1.32758 0.105355
1.36149 0.106383
1.39561 0.107505
1.42993 0.10872
1.46443 0.11003
1.49911 0.111433
1.53394 0.112932
1.56892 0.114528
1.60403 0.11622
1.63926 0.118012
1.6746 0.119903
1.71002 0.121896
1.74552 0.123992
1.78108 0.126193
1.81669 0.1285
1.85234 0.130917
1.88801 0.133445
1.92368 0.136085
1.95935 0.138842
1.995 0.141716
2.03061 0.144711
2.06617 0.147829
2.10167 0.151074
2.13709 0.154447
2.17243 0.157952
2.20766 0.161592
2.24277 0.16537
2.27775 0.169289
2.31258 0.173352
2.34726 0.177564
2.38176 0.181927
2.41608 0.186445
2.4502 0.191121
2.48411 0.19596
2.51779 0.200964
2.55123 0.206138
2.58442 0.211486
2.61734 0.217012
2.64999 0.222719
2.68235 0.228611
2.7144 0.234693
2.74614 0.240969
2.77755 0.247442
2.80862 0.254118
2.83934 0.261
2.86969 0.268093
2.89966 0.2754
2.92925 0.282927
2.95844 0.290677
2.98722 0.298654
3.01558 0.306864
3.0435 0.31531
3.07098 0.323997
3.098 0.332928
3.12456 0.342109
3.15064 0.351544
3.17624 0.361236
3.20134 0.37119
3.22593 0.381411
3.25001 0.391902
3.27357 0.402667
3.29659 0.41371
3.31907 0.425036
3.34099 0.436648
3.36236 0.448551
3.38316 0.460747
3.40338 0.473241
3.42301 0.486036
3.44206 0.499136
3.4605 0.512544
3.47834 0.526263
3.49556 0.540297
3.51216 0.554649
3.52814 0.569321
3.54348 0.584317
3.55818 0.599639
3.57224 0.61529
3.58565 0.631272
3.5984 0.647587
3.61049 0.664238
3.62192 0.681227
3.63267 0.698555
3.64275 0.716224
3.65216 0.734235
3.66088 0.75259
3.66891 0.771289
3.67626 0.790333
3.68292 0.809723
3.68888 0.829458
3.69415 0.849539
3.69872 0.869964
3.70259 0.890731
3.70576 0.911835
3.70822 0.933264
3.70998 0.954986
3.71104 0.976842
3.71139 0.994553
3.71139 1.00547
3.71104 1.02352
3.70998 1.04641
3.70822 1.06984
3.70576 1.09367
3.70259 1.11786
3.69872 1.14239
3.69415 1.16726
3.68888 1.19245
3.68292 1.21798
3.67626 1.24383
3.66891 1.26999
3.66088 1.29647
3.65216 1.32326
3.64275 1.35035
3.63267 1.37774
3.62192 1.40543
3.61049 1.43341
3.5984 1.46167
3.58565 1.4902
3.57224 1.51901
3.55818 1.54809
3.54348 1.57742
3.52814 1.607
3.51216 1.63683
3.49556 1.6669
3.47834 1.69719
3.4605 1.72771
3.44206 1.75844
3.42301 1.78938
3.40338 1.82051
3.38316 1.85182
3.36236 1.88332
3.34099 1.91499
3.31907 1.94681
3.29659 1.97878
3.27357 2.01089
3.25001 2.04313
3.22593 2.07548
3.20134 2.10794
3.17624 2.1405
3.15064 2.17314
3.12456 2.20584
3.098 2.23861
3.07098 2.27143
3.0435 2.30428
3.01558 2.33714
2.98722 2.37002
2.95844 2.40289
2.92925 2.43575
2.89966 2.46857
2.86969 2.50134
2.83934 2.53406
2.80862 2.56669
2.77755 2.59924
2.74614 2.63168
2.7144 2.664
2.68235 2.69618
2.64999 2.72821
2.61734 2.76007
2.58442 2.79175
2.55123 2.82323
2.51779 2.85448
2.48411 2.88551
2.4502 2.91628
2.41608 2.94678
2.38176 2.97699
2.34726 3.0069
2.31258 3.03648
2.27775 3.06572
2.24277 3.0946
2.20766 3.1231
2.17243 3.1512
2.13709 3.17888
2.10167 3.20612
2.06617 3.23291
2.03061 3.25921
1.995 3.28502
1.95935 3.3103
1.92368 3.33504
1.88801 3.35922
1.85234 3.38282
1.81669 3.40581
1.78108 3.42816
1.74552 3.44987
1.71002 3.4709
1.6746 3.49123
1.63926 3.51084
1.60403 3.5297
1.56892 3.54779
1.53394 3.56509
1.49911 3.58156
1.46443 3.59719
1.42993 3.61194
1.39561 3.6258
1.36149 3.63872
1.32758 3.65069
1.2939 3.66168
1.26046 3.67166
1.22727 3.6806
1.19435 3.68846
1.1617 3.69523
1.12934 3.70086
1.09729 3.70532
1.06555 3.70859
1.03414 3.71063
1.00307 3.71141
0.972355 3.71088
0.942003 3.70902
0.912026 3.70578
0.882438 3.70113
0.853249 3.69504
0.824471 3.68745
0.796115 3.67833
0.768193 3.66764
0.740714 3.65533
0.713691 3.64136
0.687133 3.62568
0.66105 3.60825
0.635454 3.58901
0.610353 3.56791
0.585758 3.5449
0.561679 3.51994
0.538124 3.49296
0.515103 3.46391
0.492625 3.43272
0.470699 3.39935
0.449333 3.36373
0.428536 3.32579
0.408315 3.28548
0.388679 3.24274
0.369635 3.19749
0.351191 3.14969
0.333354 3.09926
0.316131 3.04615
0.299528 2.9903
0.283553 2.93166
0.268211 2.87018
0.253508 2.80583
0.23945 2.73858
0.226043 2.66841
0.213291 2.59532
0.2012 2.51934
0.189775 2.44052
0.179019 2.35893
0.168938 2.27468
0.159535 2.18793
0.150813 2.09887
0.142777 2.00778
0.135429 1.91496
0.128772 1.82078
0.122808 1.72569
0.117541 1.63019
0.112972 1.53484
0.109103 1.44025
0.105935 1.34707
0.10347 1.25596
0.101709 1.1676
0.100652 1.08292
0.100299 1.01447
0.100299 0.985669
