x y
0.202378 0.99658
0.202636 0.955471
0.20341 0.912578
0.2047 0.871161
0.206504 0.831314
0.208823 0.793086
0.211656 0.75651
0.215 0.721601
0.218856 0.688361
0.223221 0.656778
0.228095 0.626829
0.233474 0.598483
0.239357 0.571698
0.245741 0.546426
0.252625 0.522615
0.260005 0.500208
0.267878 0.479144
0.276242 0.459361
0.285093 0.440798
0.294427 0.423391
0.304242 0.407079
0.314533 0.391802
0.325296 0.3775
0.336527 0.364117
0.348222 0.351599
0.360376 0.339894
0.372984 0.328952
0.386041 0.318727
0.399543 0.309175
0.413484 0.300255
0.427858 0.291927
0.44266 0.284156
0.457885 0.276908
0.473526 0.270151
0.489576 0.263856
0.506031 0.257994
0.522883 0.252542
0.540126 0.247475
0.557753 0.242771
0.575758 0.23841
0.594132 0.234373
0.61287 0.230643
0.631963 0.227203
0.651405 0.22404
0.671187 0.221138
0.691303 0.218486
0.711743 0.216071
0.7325 0.213883
0.753567 0.211912
0.774934 0.210149
0.796594 0.208584
0.818538 0.207212
0.840757 0.206023
0.863244 0.205012
0.885988 0.204173
0.908981 0.2035
0.932214 0.202989
0.955678 0.202634
0.979365 0.202432
1.00326 0.202378
1.02737 0.20247
1.05166 0.202705
1.07614 0.203079
1.1008 0.20359
1.12562 0.204236
1.1506 0.205016
1.17572 0.205927
1.20098 0.206968
1.22636 0.208138
1.25186 0.209437
1.27747 0.210862
1.30317 0.212415
1.32896 0.214093
1.35483 0.215898
1.38076 0.217829
1.40674 0.219886
1.43278 0.222069
1.45885 0.224378
1.48494 0.226815
1.51105 0.22938
1.53717 0.232074
1.56328 0.234896
1.58937 0.237849
1.61544 0.240934
1.64147 0.24415
1.66746 0.247501
1.69339 0.250987
1.71926 0.254609
1.74505 0.258369
1.77075 0.262269
1.79636 0.26631
1.82186 0.270494
1.84724 0.274823
1.8725 0.279298
1.89762 0.283921
1.9226 0.288695
1.94742 0.293621
1.97207 0.298702
1.99656 0.303939
2.02085 0.309334
2.04495 0.31489
2.06885 0.320609
2.09254 0.326493
2.116 0.332545
2.13924 0.338766
2.16223 0.345158
2.18497 0.351725
2.20746 0.358469
2.22968 0.365391
2.25162 0.372494
2.27328 0.379781
2.29465 0.387253
2.31572 0.394913
2.33647 0.402764
2.35691 0.410807
2.37703 0.419045
2.39681 0.42748
2.41625 0.436115
2.43535 0.444951
2.45408 0.453991
2.47246 0.463237
2.49046 0.47269
2.50809 0.482354
2.52533 0.49223
2.54219 0.50232
2.55864 0.512625
2.57469 0.523149
2.59033 0.533892
2.60556 0.544856
2.62036 0.556043
2.63473 0.567455
2.64867 0.579093
2.66218 0.590959
2.67523 0.603053
2.68784 0.615377
2.7 0.627933
2.71169 0.640721
2.72292 0.653743
2.73368 0.666998
2.74397 0.680489
2.75379 0.694216
2.76312 0.708178
2.77198 0.722378
2.78034 0.736814
2.78821 0.751488
2.79559 0.766398
2.80248 0.781546
2.80886 0.79693
2.81474 0.812551
2.82012 0.828407
2.825 0.844497
2.82936 0.86082
2.83322 0.877374
2.83656 0.894156
2.83939 0.911161
2.84171 0.92838
2.84352 0.945795
2.84481 0.963353
2.84558 0.980812
2.84584 0.993824
2.84584 1.0062
2.84558 1.01944
2.84481 1.03756
2.84352 1.05624
2.84171 1.07521
2.83939 1.09443
2.83656 1.11388
2.83322 1.13355
2.82936 1.15343
2.825 1.17351
2.82012 1.1938
2.81474 1.21427
2.80886 1.23494
2.80248 1.2558
2.79559 1.27684
2.78821 1.29806
2.78034 1.31944
2.77198 1.341
2.76312 1.36272
2.75379 1.3846
2.74397 1.40663
2.73368 1.4288
2.72292 1.45112
2.71169 1.47357
2.7 1.49615
2.68784 1.51885
2.67523 1.54167
2.66218 1.56459
2.64867 1.58762
2.63473 1.61075
2.62036 1.63396
2.60556 1.65725
2.59033 1.68061
2.57469 1.70404
2.55864 1.72753
2.54219 1.75106
2.52533 1.77463
2.50809 1.79824
2.49046 1.82187
2.47246 1.84551
2.45408 1.86916
2.43535 1.8928
2.41625 1.91643
2.39681 1.94003
2.37703 1.9636
2.35691 1.98713
2.33647 2.0106
2.31572 2.03401
2.29465 2.05735
2.27328 2.0806
2.25162 2.10375
2.22968 2.12679
2.20746 2.14972
2.18497 2.17252
2.16223 2.19517
2.13924 2.21767
2.116 2.24
2.09254 2.26216
2.06885 2.28412
2.04495 2.30589
2.02085 2.32743
1.99656 2.34875
1.97207 2.36983
1.94742 2.39065
1.9226 2.41121
1.89762 2.43148
1.8725 2.45146
1.84724 2.47113
1.82186 2.49047
1.79636 2.50948
1.77075 2.52814
1.74505 2.54642
1.71926 2.56433
1.69339 2.58185
1.66746 2.59895
1.64147 2.61562
1.61544 2.63186
1.58937 2.64763
1.56328 2.66294
1.53717 2.67775
1.51105 2.69206
1.48494 2.70585
1.45885 2.7191
1.43278 2.7318
1.40674 2.74392
1.38076 2.75546
1.35483 2.76639
1.32896 2.7767
1.30317 2.78637
1.27747 2.79538
1.25186 2.80372
1.22636 2.81136
1.20098 2.81829
1.17572 2.82449
1.1506 2.82994
1.12562 2.83462
1.1008 2.83852
1.07614 2.84161
1.05166 2.84388
1.02737 2.8453
1.00326 2.84586
0.979365 2.84554
0.955678 2.84431
0.932214 2.84216
0.908981 2.83906
0.885988 2.835
0.863244 2.82996
0.840757 2.82391
0.818538 2.81684
0.796594 2.80873
0.774934 2.79955
0.753567 2.78928
0.7325 2.77791
0.711743 2.76541
0.691303 2.75176
0.671187 2.73695
0.651405 2.72095
0.631963 2.70375
0.61287 2.68533
0.594132 2.66567
0.575758 2.64475
0.557753 2.62256
0.540126 2.59908
0.522883 2.5743
0.506031 2.5482
0.489576 2.52078
0.473526 2.49202
0.457885 2.46192
0.44266 2.43047
0.427858 2.39768
0.413484 2.36354
0.399543 2.32806
0.386041 2.29124
0.372984 2.25311
0.360376 2.21367
0.348222 2.17295
0.336527 2.13098
0.325296 2.08779
0.314533 2.04343
0.304242 1.99795
0.294427 1.95139
0.285093 1.90384
0.276242 1.85536
0.267878 1.80603
0.260005 1.75595
0.252625 1.70522
0.245741 1.65395
0.239357 1.60225
0.233474 1.55027
0.228095 1.49812
0.223221 1.44596
0.218856 1.39393
0.215 1.34218
0.211656 1.29085
0.208823 1.24011
0.206504 1.19009
0.2047 1.14096
0.20341 1.09283
0.202636 1.04589
0.202378 1.00343
0.202378 0.99658
