x y
0.411137 0.991765
0.411291 0.977621
0.411752 0.957861
0.41252 0.937937
0.413595 0.91823
0.414977 0.898835
0.416665 0.879792
0.418658 0.861125
0.420955 0.842852
0.423556 0.824987
0.42646 0.807538
0.429665 0.790515
0.43317 0.773924
0.436975 0.757771
0.441076 0.742057
0.445474 0.726787
0.450165 0.711959
0.455148 0.697576
0.460422 0.683634
0.465984 0.670132
0.471832 0.657067
0.477964 0.644435
0.484378 0.63223
0.49107 0.620449
0.498038 0.609084
0.50528 0.59813
0.512792 0.587579
0.520573 0.577425
0.528618 0.56766
0.536924 0.558276
0.545489 0.549266
0.554309 0.540621
0.563381 0.532332
0.5727 0.524393
0.582264 0.516794
0.592069 0.509528
0.60211 0.502586
0.612384 0.49596
0.622887 0.489642
0.633615 0.483624
0.644564 0.477899
0.655729 0.472459
0.667105 0.467297
0.67869 0.462405
0.690477 0.457777
0.702463 0.453405
0.714642 0.449284
0.727011 0.445406
0.739563 0.441766
0.752295 0.438357
0.765201 0.435175
0.778276 0.432213
0.791516 0.429466
0.804914 0.426929
0.818466 0.424598
0.832167 0.422467
0.84601 0.420533
0.859991 0.41879
0.874105 0.417235
0.888345 0.415865
0.902706 0.414675
0.917183 0.413662
0.93177 0.412822
0.946461 0.412153
0.961251 0.411652
0.976133 0.411315
0.991102 0.411141
1.00615 0.411126
1.02128 0.411269
1.03647 0.411567
1.05173 0.412018
1.06704 0.41262
1.08241 0.413372
1.09782 0.414271
1.11327 0.415316
1.12876 0.416506
1.14427 0.41784
1.1598 0.419316
1.17535 0.420932
1.19091 0.422689
1.20647 0.424585
1.22203 0.426618
1.23758 0.42879
1.25311 0.431098
1.26862 0.433542
1.28411 0.436121
1.29956 0.438836
1.31497 0.441685
1.33034 0.444668
1.34565 0.447785
1.36091 0.451037
1.3761 0.454421
1.39123 0.457939
1.40628 0.46159
1.42125 0.465375
1.43613 0.469292
1.45092 0.473343
1.46561 0.477528
1.4802 0.481845
1.49468 0.486296
1.50904 0.490881
1.52328 0.495599
1.53739 0.500452
1.55137 0.505438
1.56522 0.510559
1.57892 0.515815
1.59247 0.521205
1.60587 0.52673
1.61911 0.532391
1.63218 0.538187
1.64509 0.544119
1.65782 0.550187
1.67037 0.556392
1.68274 0.562732
1.69492 0.56921
1.7069 0.575825
1.71869 0.582576
1.73028 0.589465
1.74165 0.596492
1.75282 0.603656
1.76377 0.610958
1.77449 0.618398
1.785 0.625976
1.79527 0.633692
1.80531 0.641545
1.81512 0.649537
1.82468 0.657667
1.834 0.665934
1.84307 0.674339
1.85189 0.682882
1.86046 0.691561
1.86876 0.700378
1.87681 0.709332
1.88459 0.718421
1.8921 0.727647
1.89934 0.737008
1.90631 0.746504
1.913 0.756134
1.91942 0.765898
1.92555 0.775795
1.9314 0.785825
1.93696 0.795985
1.94223 0.806276
1.94722 0.816697
1.95191 0.827246
1.95631 0.837923
1.96041 0.848726
1.96421 0.859654
1.96772 0.870705
1.97092 0.881879
1.97383 0.893174
1.97643 0.904588
1.97872 0.916119
1.98072 0.927766
1.98241 0.939527
1.98379 0.951398
1.98486 0.963378
1.98563 0.975461
1.98609 0.987626
1.98625 0.998681
1.98625 1.00132
1.98609 1.01248
1.98563 1.02495
1.98486 1.03754
1.98379 1.05023
1.98241 1.06301
1.98072 1.07589
1.97872 1.08885
1.97643 1.1019
1.97383 1.11502
1.97092 1.12822
1.96772 1.1415
1.96421 1.15485
1.96041 1.16826
1.95631 1.18174
1.95191 1.19528
1.94722 1.20887
1.94223 1.22252
1.93696 1.23621
1.9314 1.24995
1.92555 1.26373
1.91942 1.27754
1.913 1.29139
1.90631 1.30526
1.89934 1.31916
1.8921 1.33307
1.88459 1.347
1.87681 1.36094
1.86876 1.37488
1.86046 1.38882
1.85189 1.40275
1.84307 1.41667
1.834 1.43058
1.82468 1.44446
1.81512 1.45831
1.80531 1.47213
1.79527 1.48592
1.785 1.49965
1.77449 1.51334
1.76377 1.52697
1.75282 1.54054
1.74165 1.55404
1.73028 1.56746
1.71869 1.58081
1.7069 1.59406
1.69492 1.60722
1.68274 1.62029
1.67037 1.63324
1.65782 1.64608
1.64509 1.6588
1.63218 1.67139
1.61911 1.68385
1.60587 1.69617
1.59247 1.70834
1.57892 1.72035
1.56522 1.7322
1.55137 1.74388
1.53739 1.75538
1.52328 1.7667
1.50904 1.77783
1.49468 1.78875
1.4802 1.79947
1.46561 1.80997
1.45092 1.82025
1.43613 1.8303
1.42125 1.84012
1.40628 1.84968
1.39123 1.85899
1.3761 1.86804
1.36091 1.87683
1.34565 1.88533
1.33034 1.89355
1.31497 1.90147
1.29956 1.9091
1.28411 1.91641
1.26862 1.92341
1.25311 1.93008
1.23758 1.93642
1.22203 1.94242
1.20647 1.94807
1.19091 1.95336
1.17535 1.95828
1.1598 1.96284
1.14427 1.96701
1.12876 1.9708
1.11327 1.97419
1.09782 1.97718
1.08241 1.97975
1.06704 1.98191
1.05173 1.98364
1.03647 1.98494
1.02128 1.9858
1.00615 1.98621
0.991102 1.98617
0.976133 1.98566
0.961251 1.98469
0.946461 1.98325
0.93177 1.98133
0.917183 1.97892
0.902706 1.97602
0.888345 1.97263
0.874105 1.96873
0.859991 1.96432
0.84601 1.95941
0.832167 1.95398
0.818466 1.94803
0.804914 1.94156
0.791516 1.93456
0.778276 1.92703
0.765201 1.91897
0.752295 1.91038
0.739563 1.90126
0.727011 1.8916
0.714642 1.8814
0.702463 1.87067
0.690477 1.85941
0.67869 1.84761
0.667105 1.83529
0.655729 1.82244
0.644564 1.80906
0.633615 1.79517
0.622887 1.78077
0.612384 1.76586
0.60211 1.75044
0.592069 1.73454
0.582264 1.71816
0.5727 1.7013
0.563381 1.68398
0.554309 1.66621
0.545489 1.648
0.536924 1.62937
0.528618 1.61033
0.520573 1.5909
0.512792 1.5711
0.50528 1.55094
0.498038 1.53044
0.49107 1.50962
0.484378 1.4885
0.477964 1.46711
0.471832 1.44547
0.465984 1.4236
0.460422 1.40153
0.455148 1.37929
0.450165 1.35689
0.445474 1.33436
0.441076 1.31174
0.436975 1.28905
0.43317 1.26632
0.429665 1.24358
0.42646 1.22085
0.423556 1.19817
0.420955 1.17556
0.418658 1.15306
0.416665 1.13069
0.414977 1.10849
0.413595 1.08649
0.41252 1.06474
0.411752 1.04336
0.411291 1.02272
0.411137 1.00828
0.411137 0.991765
