t x y
0 0.55 0.242771
0.0233723 0.559837 0.240258
0.0467446 0.569883 0.237827
0.0701169 0.580142 0.235476
0.0934891 0.590617 0.233205
0.116861 0.601313 0.231014
0.140234 0.612233 0.2289
0.163606 0.623382 0.226864
0.186978 0.634764 0.224906
0.210351 0.646382 0.223024
0.233723 0.658241 0.221219
0.257095 0.670346 0.21949
0.280467 0.6827 0.217837
0.30384 0.695308 0.216259
0.327212 0.708175 0.214757
0.350584 0.721304 0.21333
0.373957 0.7347 0.211978
0.397329 0.748369 0.210701
0.420701 0.762313 0.209499
0.444073 0.776539 0.208373
0.467446 0.79105 0.207323
0.490818 0.805851 0.206348
0.51419 0.820948 0.20545
0.537563 0.836344 0.204629
0.560935 0.852044 0.203885
0.584307 0.868053 0.203219
0.607679 0.884376 0.202632
0.631052 0.901018 0.202124
0.654424 0.917983 0.201697
0.677796 0.935275 0.201351
0.701169 0.9529 0.201088
0.724541 0.970863 0.200909
0.747913 0.989167 0.200815
0.771285 1.00782 0.200808
0.794658 1.02682 0.200889
0.81803 1.04617 0.20106
0.841402 1.06589 0.201324
0.864775 1.08597 0.201681
0.888147 1.10642 0.202135
0.911519 1.12724 0.202687
0.934891 1.14843 0.203341
0.958264 1.17 0.204099
0.981636 1.19196 0.204964
1.00501 1.2143 0.205939
1.02838 1.23703 0.207028
1.05175 1.26016 0.208235
1.07513 1.28367 0.209562
1.0985 1.30759 0.211015
1.12187 1.3319 0.212598
1.14524 1.35661 0.214315
1.16861 1.38172 0.216172
1.19199 1.40724 0.218174
1.21536 1.43315 0.220327
1.23873 1.45947 0.222637
1.2621 1.48618 0.225111
1.28548 1.5133 0.227756
1.30885 1.54081 0.230578
1.33222 1.56872 0.233587
1.35559 1.59701 0.236791
1.37896 1.62569 0.240199
1.40234 1.65475 0.24382
1.42571 1.68418 0.247664
1.44908 1.71397 0.251744
1.47245 1.74412 0.25607
1.49583 1.77462 0.260655
1.5192 1.80545 0.265513
1.54257 1.8366 0.270657
1.56594 1.86806 0.276103
1.58932 1.89981 0.281866
1.61269 1.93183 0.287964
1.63606 1.9641 0.294415
1.65943 1.9966 0.301239
1.6828 2.02931 0.308456
1.70618 2.06219 0.316088
1.72955 2.09522 0.324158
1.75292 2.12837 0.332692
1.77629 2.1616 0.341715
1.79967 2.19487 0.351256
1.82304 2.22815 0.361344
1.84641 2.26138 0.372012
1.86978 2.29451 0.383291
1.89316 2.3275 0.395217
1.91653 2.36029 0.407828
1.9399 2.39282 0.421163
1.96327 2.42501 0.435263
1.98664 2.45681 0.450171
2.01002 2.48813 0.465934
2.03339 2.5189 0.482599
2.05676 2.54902 0.500216
2.08013 2.57842 0.518836
2.10351 2.60698 0.538515
2.12688 2.63462 0.559307
2.15025 2.66122 0.581271
2.17362 2.68667 0.604465
2.19699 2.71085 0.628949
2.22037 2.73365 0.654784
2.24374 2.75492 0.682032
2.26711 2.77455 0.710754
2.29048 2.79239 0.741009
2.31386 2.80831 0.772858
2.33723 2.82216 0.806357
2.3606 2.83381 0.841558
2.38397 2.8431 0.878511
2.40735 2.84991 0.917259
2.43072 2.85408 0.95784
2.45409 2.85549 1.00028
2.47746 2.854 1.0446
2.50083 2.8495 1.09081
2.52421 2.84187 1.1389
2.54758 2.83102 1.18886
2.57095 2.81685 1.24064
2.59432 2.79931 1.2942
2.6177 2.77834 1.34947
2.64107 2.75392 1.40635
2.66444 2.72603 1.46473
2.68781 2.69471 1.52448
2.71119 2.65999 1.58544
2.73456 2.62194 1.64744
2.75793 2.58067 1.71028
2.7813 2.53631 1.77373
2.80467 2.489 1.83757
2.82805 2.43892 1.90155
2.85142 2.38629 1.96539
2.87479 2.33132 2.02881
2.89816 2.27425 2.09155
2.92154 2.21536 2.1533
2.94491 2.15492 2.21378
2.96828 2.09319 2.27272
2.99165 2.03048 2.32983
3.01503 1.96707 2.38486
3.0384 1.90324 2.43756
3.06177 1.83927 2.48771
3.08514 1.77542 2.53509
3.10851 1.71195 2.57954
3.13189 1.64909 2.62089
3.15526 1.58707 2.65902
3.17863 1.52608 2.69383
3.202 1.46629 2.72525
3.22538 1.40787 2.75322
3.24875 1.35095 2.77774
3.27212 1.29565 2.7988
3.29549 1.24204 2.81643
3.31886 1.19021 2.83068
3.34224 1.1402 2.84162
3.36561 1.09206 2.84934
3.38898 1.0458 2.85392
3.41235 1.00143 2.85549
3.43573 0.958939 2.85415
3.4591 0.918309 2.85005
3.48247 0.879512 2.84332
3.50584 0.842512 2.83408
3.52922 0.807265 2.8225
3.55259 0.773723 2.8087
3.57596 0.741831 2.79284
3.59933 0.711534 2.77505
3.6227 0.682772 2.75547
3.64608 0.655486 2.73423
3.66945 0.629614 2.71148
3.69282 0.605095 2.68733
3.71619 0.581868 2.66191
3.73957 0.559873 2.63534
3.76294 0.53905 2.60773
3.78631 0.519343 2.57918
3.80968 0.500695 2.54981
3.83306 0.483052 2.5197
3.85643 0.466363 2.48895
3.8798 0.450577 2.45765
3.90317 0.435646 2.42586
3.92654 0.421526 2.39367
3.94992 0.408171 2.36116
3.97329 0.395542 2.32837
3.99666 0.383598 2.29539
4.02003 0.372302 2.26225
4.04341 0.361619 2.22903
4.06678 0.351516 2.19575
4.09015 0.341961 2.16248
4.11352 0.332924 2.12925
4.13689 0.324378 2.0961
4.16027 0.316296 2.06306
4.18364 0.308652 2.03018
4.20701 0.301425 1.99746
4.23038 0.294591 1.96496
4.25376 0.28813 1.93268
4.27713 0.282023 1.90065
4.3005 0.276251 1.8689
4.32387 0.270797 1.83743
4.34725 0.265645 1.80627
4.37062 0.26078 1.77543
4.39399 0.256188 1.74493
4.41736 0.251855 1.71477
4.44073 0.247769 1.68496
4.46411 0.243918 1.65552
4.48748 0.240292 1.62645
4.51085 0.236878 1.59776
4.53422 0.23367 1.56946
4.5576 0.230655 1.54154
4.58097 0.227828 1.51402
4.60434 0.225179 1.4869
4.62771 0.2227 1.46017
4.65109 0.220386 1.43384
4.67446 0.218229 1.40792
4.69783 0.216223 1.38239
4.7212 0.214362 1.35727
4.74457 0.212641 1.33255
4.76795 0.211055 1.30822
4.79132 0.209599 1.2843
4.81469 0.208268 1.26077
4.83806 0.207059 1.23764
4.86144 0.205967 1.2149
4.88481 0.204989 1.19255
4.90818 0.204121 1.17058
4.93155 0.20336 1.149
4.95492 0.202703 1.12779
4.9783 0.202148 1.10696
5.00167 0.201692 1.08651
5.02504 0.201332 1.06642
5.04841 0.201066 1.04669
5.07179 0.200892 1.02733
5.09516 0.200809 1.00831
5.11853 0.200814 0.989655
5.1419 0.200905 0.971342
5.16528 0.201082 0.953371
5.18865 0.201343 0.935737
5.21202 0.201687 0.918436
5.23539 0.202112 0.901462
5.25876 0.202617 0.884812
5.28214 0.203203 0.868481
5.30551 0.203866 0.852463
5.32888 0.204608 0.836755
5.35225 0.205428 0.821351
5.37563 0.206324 0.806247
5.399 0.207296 0.791438
5.42237 0.208344 0.776919
5.44574 0.209469 0.762686
5.46912 0.210668 0.748734
5.49249 0.211943 0.735058
5.51586 0.213293 0.721655
5.53923 0.214718 0.708518
5.5626 0.216218 0.695645
5.58598 0.217794 0.68303
5.60935 0.219446 0.670669
5.63272 0.221173 0.658558
5.65609 0.222976 0.646693
5.67947 0.224855 0.635068
5.70284 0.226812 0.62368
5.72621 0.228845 0.612525
5.74958 0.230957 0.601599
5.77295 0.233146 0.590897
5.79633 0.235415 0.580416
5.8197 0.237764 0.570152
5.84307 0.240193 0.5601
5.86644 0.242703 0.550258
5.88982 0.245296 0.54062
5.91319 0.247971 0.531184
5.93656 0.25073 0.521946
5.95993 0.253574 0.512902
5.98331 0.256504 0.504049
6.00668 0.259521 0.495383
6.03005 0.262626 0.486901
6.05342 0.265821 0.478599
6.07679 0.269105 0.470475
6.10017 0.272482 0.462524
6.12354 0.275952 0.454745
6.14691 0.279516 0.447132
6.17028 0.283176 0.439685
6.19366 0.286933 0.432399
6.21703 0.290789 0.425271
6.2404 0.294746 0.418299
6.26377 0.298804 0.41148
6.28715 0.302967 0.404811
6.31052 0.307234 0.398289
6.33389 0.311609 0.391912
6.35726 0.316092 0.385677
6.38063 0.320686 0.379582
6.40401 0.325393 0.373623
6.42738 0.330214 0.367799
6.45075 0.335152 0.362107
6.47412 0.340209 0.356545
6.4975 0.345386 0.35111
6.52087 0.350686 0.3458
6.54424 0.356111 0.340613
6.56761 0.361663 0.335548
6.59098 0.367344 0.3306
6.61436 0.373158 0.32577
6.63773 0.379106 0.321054
6.6611 0.385191 0.316451
6.68447 0.391414 0.311959
6.70785 0.39778 0.307576
6.73122 0.40429 0.3033
6.75459 0.410948 0.29913
6.77796 0.417755 0.295063
6.80134 0.424714 0.291098
6.82471 0.431829 0.287234
6.84808 0.439103 0.283469
6.87145 0.446538 0.279802
6.89482 0.454137 0.27623
6.9182 0.461903 0.272753
6.94157 0.46984 0.269369
6.96494 0.477951 0.266077
6.98831 0.486238 0.262875
7.01169 0.494706 0.259763
7.03506 0.503357 0.25674
7.05843 0.512195 0.253803
7.0818 0.521224 0.250952
7.10518 0.530447 0.248186
7.12855 0.539867 0.245504
7.15192 0.549488 0.242905
7.17529 0.559315 0.240389
7.19866 0.56935 0.237953
7.22204 0.579597 0.235598
7.24541 0.590061 0.233323
7.26878 0.600745 0.231127
7.29215 0.611653 0.229009
7.31553 0.62279 0.226969
7.3389 0.634159 0.225007
7.36227 0.645765 0.223121
7.38564 0.657611 0.221312
7.40902 0.669703 0.219579
7.43239 0.682044 0.217922
7.45576 0.694639 0.21634
7.47913 0.707491 0.214834
7.5025 0.720607 0.213403
7.52588 0.733989 0.212047
7.54925 0.747643 0.210766
7.57262 0.761573 0.209561
7.59599 0.775784 0.208431
7.61937 0.79028 0.207376
7.64274 0.805066 0.206398
7.66611 0.820146 0.205496
7.68948 0.835526 0.20467
7.71285 0.851211 0.203922
7.73623 0.867204 0.203252
7.7596 0.88351 0.202661
7.78297 0.900135 0.202149
7.80634 0.917082 0.201717
7.82972 0.934357 0.201367
7.85309 0.951965 0.2011
7.87646 0.969909 0.200916
7.89983 0.988195 0.200818
7.92321 1.00683 0.200806
7.94658 1.02581 0.200882
7.96995 1.04515 0.201049
7.99332 1.06484 0.201307
8.01669 1.0849 0.20166
8.04007 1.10533 0.202109
8.06344 1.12613 0.202656
8.08681 1.14731 0.203304
8.11018 1.16886 0.204057
8.13356 1.1908 0.204916
8.15693 1.21312 0.205885
8.1803 1.23583 0.206968
8.20367 1.25893 0.208168
8.22705 1.28243 0.209489
8.25042 1.30632 0.210935
8.27379 1.33061 0.212511
8.29716 1.3553 0.214221
8.32053 1.38039 0.216071
8.34391 1.40588 0.218065
8.36728 1.43178 0.22021
8.39065 1.45807 0.222512
8.41402 1.48477 0.224977
8.4374 1.51186 0.227612
8.46077 1.53935 0.230425
8.48414 1.56724 0.233424
8.50751 1.59551 0.236618
8.53088 1.62417 0.240014
8.55426 1.65321 0.243624
8.57763 1.68262 0.247456
8.601 1.7124 0.251523
8.62437 1.74253 0.255836
8.64775 1.77301 0.260408
8.67112 1.80382 0.26525
8.69449 1.83496 0.270379
8.71786 1.8664 0.275808
8.74124 1.89813 0.281555
8.76461 1.93014 0.287635
8.78798 1.9624 0.294067
8.81135 1.99489 0.300871
8.83472 2.02758 0.308066
8.8581 2.06046 0.315676
8.88147 2.09348 0.323722
8.90484 2.12663 0.332231
8.92821 2.15985 0.341228
8.95159 2.19312 0.350741
8.97496 2.2264 0.3608
8.99833 2.25963 0.371436
9.0217 2.29277 0.382682
9.04508 2.32577 0.394573
9.06845 2.35857 0.407147
9.09182 2.39112 0.420443
9.11519 2.42333 0.434501
9.13856 2.45515 0.449366
9.16194 2.4865 0.465083
9.18531 2.5173 0.481699
9.20868 2.54746 0.499265
9.23205 2.57689 0.517831
9.25543 2.6055 0.537453
9.2788 2.63319 0.558185
9.30217 2.65985 0.580086
9.32554 2.68536 0.603213
9.34891 2.70962 0.627628
9.37229 2.73249 0.653391
9.39566 2.75385 0.680563
9.41903 2.77356 0.709205
9.4424 2.7915 0.739379
9.46578 2.80752 0.771143
9.48915 2.82149 0.804553
9.51252 2.83325 0.839663
9.53589 2.84268 0.876523
9.55927 2.84961 0.915176
9.58264 2.85393 0.95566
9.60601 2.85548 0.998003
9.62938 2.85415 1.04223
9.65275 2.84981 1.08833
9.67613 2.84235 1.13633
9.6995 2.83167 1.18619
9.72287 2.81768 1.23788
9.74624 2.80032 1.29134
9.76962 2.77953 1.34652
9.79299 2.75529 1.40332
9.81636 2.72759 1.46162
9.83973 2.69644 1.52131
9.86311 2.6619 1.58221
9.88648 2.62403 1.64416
9.90985 2.58292 1.70695
9.93322 2.53872 1.77038
9.95659 2.49156 1.83421
9.97997 2.44162 1.89818
10.0033 2.38912 1.96204
10.0267 2.33426 2.02549
10.0501 2.2773 2.08827
10.0735 2.2185 2.15008
10.0968 2.15813 2.21064
10.1202 2.09647 2.26966
10.1436 2.0338 2.32688
10.1669 1.97042 2.38202
10.1903 1.9066 2.43485
10.2137 1.84263 2.48514
10.2371 1.77877 2.53267
10.2604 1.71527 2.57728
10.2838 1.65238 2.6188
10.3072 1.59031 2.6571
10.3306 1.52926 2.69209
10.3539 1.46941 2.72368
10.3773 1.41091 2.75184
10.4007 1.35391 2.77654
10.424 1.29851 2.79778
10.4474 1.24481 2.81559
10.4708 1.19289 2.83002
10.4942 1.14279 2.84113
10.5175 1.09455 2.84901
10.5409 1.04819 2.85376
10.5643 1.00372 2.85548
10.5876 0.961127 2.85429
10.611 0.9204 2.85033
10.6344 0.881508 2.84373
10.6578 0.844414 2.83463
10.6811 0.809076 2.82317
10.7045 0.775445 2.80948
10.7279 0.743468 2.79372
10.7513 0.713089 2.77603
10.7746 0.684248 2.75654
10.798 0.656886 2.73539
10.8214 0.630941 2.71271
10.8447 0.606352 2.68863
10.8681 0.583059 2.66328
10.8915 0.561 2.63676
10.9149 0.540117 2.6092
10.9382 0.520353 2.58071
10.9616 0.50165 2.55138
10.985 0.483956 2.5213
11.0083 0.467218 2.49059
11.0317 0.451385 2.4593
11.0551 0.436411 2.42754
11.0785 0.422249 2.39538
11.1018 0.408855 2.36287
11.1252 0.396188 2.3301
11.1486 0.384209 2.29713
11.172 0.37288 2.264
11.1953 0.362166 2.23078
11.2187 0.352033 2.1975
11.2421 0.34245 2.16423
11.2654 0.333387 2.131
11.2888 0.324816 2.09784
11.3122 0.31671 2.0648
11.3356 0.309044 2.0319
11.3589 0.301795 1.99918
11.3823 0.294941 1.96666
11.4057 0.288461 1.93437
11.429 0.282336 1.90233
11.4524 0.276546 1.87056
11.4758 0.271076 1.83908
11.4992 0.265909 1.8079
11.5225 0.261029 1.77705
11.5459 0.256423 1.74652
11.5693 0.252077 1.71634
11.5927 0.247978 1.68652
11.616 0.244115 1.65706
11.6394 0.240477 1.62797
11.6628 0.237053 1.59926
11.6861 0.233833 1.57094
11.7095 0.230809 1.543
11.7329 0.227972 1.51546
11.7563 0.225314 1.48831
11.7796 0.222827 1.46157
11.803 0.220504 1.43522
11.8264 0.218339 1.40927
11.8497 0.216325 1.38372
11.8731 0.214456 1.35858
11.8965 0.212728 1.33384
11.9199 0.211135 1.30949
11.9432 0.209672 1.28555
11.9666 0.208335 1.262
11.99 0.207119 1.23885
12.0134 0.206021 1.21608
12.0367 0.205037 1.19371
12.0601 0.204164 1.17173
12.0835 0.203397 1.15012
12.1068 0.202735 1.1289
12.1302 0.202175 1.10805
12.1536 0.201713 1.08757
12.177 0.201348 1.06746
12.2003 0.201078 1.04772
12.2237 0.200899 1.02834
12.2471 0.200811 1.00931
12.2705 0.200811 0.990628
12.2938 0.200898 0.972297
12.3172 0.201071 0.954308
12.3406 0.201327 0.936656
12.3639 0.201667 0.919337
12.3873 0.202087 0.902347
12.4107 0.202589 0.88568
12.4341 0.20317 0.869332
12.4574 0.20383 0.853298
12.4808 0.204567 0.837574
12.5042 0.205383 0.822154
12.5275 0.206275 0.807034
12.5509 0.207243 0.792209
12.5743 0.208287 0.777675
12.5977 0.209408 0.763427
12.621 0.210603 0.749461
12.6444 0.211874 0.735771
12.6678 0.21322 0.722353
12.6912 0.214641 0.709203
12.7145 0.216138 0.696316
12.7379 0.217709 0.683687
12.7613 0.219357 0.671313
12.7846 0.22108 0.659189
12.808 0.222879 0.647311
12.8314 0.224754 0.635673
12.8548 0.226707 0.624273
12.8781 0.228736 0.613106
12.9015 0.230844 0.602168
12.9249 0.233029 0.591455
12.9482 0.235294 0.580962
12.9716 0.237638 0.570686
12.995 0.240063 0.560624
13.0184 0.242569 0.55077
13.0417 0.245157 0.541122
13.0651 0.247828 0.531675
13.0885 0.250583 0.522427
13.1119 0.253423 0.513373
13.1352 0.256348 0.50451
13.1586 0.25936 0.495834
13.182 0.262461 0.487343
13.2053 0.26565 0.479032
13.2287 0.26893 0.470898
13.2521 0.272302 0.462938
13.2755 0.275767 0.45515
13.2988 0.279326 0.447529
13.3222 0.282981 0.440072
13.3456 0.286733 0.432778
13.3689 0.290584 0.425642
13.3923 0.294535 0.418662
13.4157 0.298588 0.411835
13.4391 0.302745 0.405158
13.4624 0.307007 0.398629
13.4858 0.311376 0.392244
13.5092 0.315854 0.386002
13.5326 0.320442 0.379899
13.5559 0.325143 0.373933
13.5793 0.329958 0.368102
13.6027 0.33489 0.362403
13.626 0.33994 0.356834
13.6494 0.34511 0.351393
13.6728 0.350404 0.346076
13.6962 0.355822 0.340883
13.7195 0.361367 0.335811
13.7429 0.367042 0.330858
13.7663 0.372849 0.326021
13.7896 0.37879 0.321299
13.813 0.384867 0.316691
13.8364 0.391084 0.312193
13.8598 0.397442 0.307804
13.8831 0.403944 0.303522
13.9065 0.410594 0.299346
13.9299 0.417393 0.295274
13.9533 0.424344 0.291304
13.9766 0.431451 0.287435
14 0.438716 0.283665
