S I
150 -649.263
169.739 -359.928
189.479 -104.635
209.218 123.378
228.958 329.037
248.697 516.044
268.437 687.252
288.176 844.904
307.916 990.799
327.655 1126.4
347.395 1252.91
367.134 1371.33
386.874 1482.52
406.613 1587.19
426.353 1685.96
446.092 1779.37
465.832 1867.88
485.571 1951.89
505.311 2031.77
525.05 2107.83
544.79 2180.36
564.529 2249.6
584.269 2315.78
604.008 2379.11
623.747 2439.77
643.487 2497.92
663.226 2553.71
682.966 2607.3
702.705 2658.79
722.445 2708.31
742.184 2755.96
761.924 2801.84
781.663 2846.05
801.403 2888.66
821.142 2929.75
840.882 2969.39
860.621 3007.66
880.361 3044.62
900.1 3080.31
919.84 3114.81
939.579 3148.15
959.319 3180.39
979.058 3211.57
998.798 3241.73
1018.54 3270.92
1038.28 3299.17
1058.02 3326.51
1077.76 3352.98
1097.49 3378.62
1117.23 3403.44
1136.97 3427.49
1156.71 3450.78
1176.45 3473.34
1196.19 3495.2
1215.93 3516.38
1235.67 3536.9
1255.41 3556.78
1275.15 3576.05
1294.89 3594.71
1314.63 3612.79
1334.37 3630.31
1354.11 3647.29
1373.85 3663.73
1393.59 3679.65
1413.33 3695.08
1433.07 3710.01
1452.81 3724.47
1472.55 3738.47
1492.28 3752.02
1512.02 3765.14
1531.76 3777.82
1551.5 3790.09
1571.24 3801.96
1590.98 3813.43
1610.72 3824.52
1630.46 3835.23
1650.2 3845.58
1669.94 3855.57
1689.68 3865.2
1709.42 3874.5
1729.16 3883.47
1748.9 3892.1
1768.64 3900.42
1788.38 3908.43
1808.12 3916.13
1827.86 3923.54
1847.6 3930.65
1867.33 3937.48
1887.07 3944.03
1906.81 3950.31
1926.55 3956.32
1946.29 3962.06
1966.03 3967.55
1985.77 3972.78
2005.51 3977.77
2025.25 3982.52
2044.99 3987.03
2064.73 3991.31
2084.47 3995.35
2104.21 3999.18
2123.95 4002.78
2143.69 4006.17
2163.43 4009.34
2183.17 4012.31
2202.91 4015.07
2222.65 4017.64
2242.38 4020
2262.12 4022.17
2281.86 4024.15
2301.6 4025.95
2321.34 4027.56
2341.08 4028.99
2360.82 4030.24
2380.56 4031.32
2400.3 4032.22
2420.04 4032.96
2439.78 4033.53
2459.52 4033.93
2479.26 4034.18
2499 4034.26
2518.74 4034.19
2538.48 4033.97
2558.22 4033.6
2577.96 4033.07
2597.7 4032.4
2617.43 4031.59
2637.17 4030.63
2656.91 4029.54
2676.65 4028.3
2696.39 4026.93
2716.13 4025.43
2735.87 4023.79
2755.61 4022.02
2775.35 4020.13
2795.09 4018.11
2814.83 4015.96
2834.57 4013.69
2854.31 4011.3
2874.05 4008.79
2893.79 4006.17
2913.53 4003.42
2933.27 4000.56
2953.01 3997.59
2972.75 3994.51
2992.48 3991.31
3012.22 3988.01
3031.96 3984.6
3051.7 3981.08
3071.44 3977.46
3091.18 3973.74
3110.92 3969.91
3130.66 3965.99
3150.4 3961.96
3170.14 3957.84
3189.88 3953.62
3209.62 3949.3
3229.36 3944.89
3249.1 3940.38
3268.84 3935.79
3288.58 3931.1
3308.32 3926.32
3328.06 3921.45
3347.8 3916.5
3367.54 3911.45
3387.27 3906.33
3407.01 3901.11
3426.75 3895.82
3446.49 3890.44
3466.23 3884.98
3485.97 3879.43
3505.71 3873.81
3525.45 3868.11
3545.19 3862.33
3564.93 3856.47
3584.67 3850.53
3604.41 3844.52
3624.15 3838.44
3643.89 3832.28
3663.63 3826.04
3683.37 3819.74
3703.11 3813.36
3722.85 3806.91
3742.59 3800.39
3762.32 3793.81
3782.06 3787.15
3801.8 3780.42
3821.54 3773.63
3841.28 3766.77
3861.02 3759.85
3880.76 3752.85
3900.5 3745.8
3920.24 3738.68
3939.98 3731.5
3959.72 3724.25
3979.46 3716.94
3999.2 3709.57
4018.94 3702.14
4038.68 3694.65
4058.42 3687.1
4078.16 3679.49
4097.9 3671.83
4117.64 3664.1
4137.37 3656.32
4157.11 3648.48
4176.85 3640.58
4196.59 3632.63
4216.33 3624.62
4236.07 3616.56
4255.81 3608.44
4275.55 3600.27
4295.29 3592.04
4315.03 3583.77
4334.77 3575.44
4354.51 3567.06
4374.25 3558.63
4393.99 3550.14
4413.73 3541.61
4433.47 3533.03
4453.21 3524.39
4472.95 3515.71
4492.69 3506.98
4512.42 3498.2
4532.16 3489.37
4551.9 3480.5
4571.64 3471.58
4591.38 3462.61
4611.12 3453.59
4630.86 3444.53
4650.6 3435.43
4670.34 3426.28
4690.08 3417.08
4709.82 3407.84
4729.56 3398.56
4749.3 3389.23
4769.04 3379.86
4788.78 3370.45
4808.52 3360.99
4828.26 3351.49
4848 3341.95
4867.74 3332.37
4887.47 3322.75
4907.21 3313.09
4926.95 3303.39
4946.69 3293.64
4966.43 3283.86
4986.17 3274.04
5005.91 3264.17
5025.65 3254.27
5045.39 3244.33
5065.13 3234.36
5084.87 3224.34
5104.61 3214.29
5124.35 3204.2
5144.09 3194.07
5163.83 3183.9
5183.57 3173.7
5203.31 3163.47
5223.05 3153.19
5242.79 3142.88
5262.53 3132.54
5282.26 3122.16
5302 3111.75
5321.74 3101.3
5341.48 3090.81
5361.22 3080.29
5380.96 3069.74
5400.7 3059.16
5420.44 3048.54
5440.18 3037.89
5459.92 3027.2
5479.66 3016.49
5499.4 3005.74
5519.14 2994.95
5538.88 2984.14
5558.62 2973.29
5578.36 2962.42
5598.1 2951.51
5617.84 2940.57
5637.58 2929.6
5657.31 2918.6
5677.05 2907.56
5696.79 2896.5
5716.53 2885.41
5736.27 2874.29
5756.01 2863.14
5775.75 2851.96
5795.49 2840.75
5815.23 2829.51
5834.97 2818.24
5854.71 2806.94
5874.45 2795.62
5894.19 2784.27
5913.93 2772.88
5933.67 2761.48
5953.41 2750.04
5973.15 2738.58
5992.89 2727.08
6012.63 2715.57
6032.36 2704.02
6052.1 2692.45
6071.84 2680.85
6091.58 2669.22
6111.32 2657.57
6131.06 2645.9
6150.8 2634.19
6170.54 2622.46
6190.28 2610.71
6210.02 2598.93
6229.76 2587.12
6249.5 2575.29
6269.24 2563.44
6288.98 2551.56
6308.72 2539.65
6328.46 2527.72
6348.2 2515.77
6367.94 2503.79
6387.68 2491.79
6407.41 2479.76
6427.15 2467.71
6446.89 2455.64
6466.63 2443.54
6486.37 2431.42
6506.11 2419.28
6525.85 2407.11
6545.59 2394.93
6565.33 2382.71
6585.07 2370.48
6604.81 2358.22
6624.55 2345.94
6644.29 2333.64
6664.03 2321.32
6683.77 2308.97
6703.51 2296.61
6723.25 2284.22
6742.99 2271.81
6762.73 2259.38
6782.46 2246.92
6802.2 2234.45
6821.94 2221.95
6841.68 2209.44
6861.42 2196.9
6881.16 2184.34
6900.9 2171.77
6920.64 2159.17
6940.38 2146.55
6960.12 2133.91
6979.86 2121.25
6999.6 2108.57
7019.34 2095.87
7039.08 2083.15
7058.82 2070.41
7078.56 2057.66
7098.3 2044.88
7118.04 2032.08
7137.78 2019.26
7157.52 2006.43
7177.25 1993.58
7196.99 1980.7
7216.73 1967.81
7236.47 1954.9
7256.21 1941.97
7275.95 1929.02
7295.69 1916.06
7315.43 1903.07
7335.17 1890.07
7354.91 1877.05
7374.65 1864.01
7394.39 1850.95
7414.13 1837.88
7433.87 1824.79
7453.61 1811.68
7473.35 1798.55
7493.09 1785.4
7512.83 1772.24
7532.57 1759.06
7552.3 1745.86
7572.04 1732.65
7591.78 1719.42
7611.52 1706.17
7631.26 1692.91
7651 1679.63
7670.74 1666.33
7690.48 1653.01
7710.22 1639.68
7729.96 1626.34
7749.7 1612.97
7769.44 1599.59
7789.18 1586.2
7808.92 1572.79
7828.66 1559.36
7848.4 1545.91
7868.14 1532.45
7887.88 1518.98
7907.62 1505.49
7927.35 1491.98
7947.09 1478.46
7966.83 1464.92
7986.57 1451.37
8006.31 1437.8
8026.05 1424.22
8045.79 1410.62
8065.53 1397.01
8085.27 1383.38
8105.01 1369.73
8124.75 1356.08
8144.49 1342.4
8164.23 1328.71
8183.97 1315.01
8203.71 1301.3
8223.45 1287.56
8243.19 1273.82
8262.93 1260.06
8282.67 1246.28
8302.4 1232.5
8322.14 1218.69
8341.88 1204.88
8361.62 1191.05
8381.36 1177.2
8401.1 1163.34
8420.84 1149.47
8440.58 1135.58
8460.32 1121.68
8480.06 1107.77
8499.8 1093.84
8519.54 1079.9
8539.28 1065.95
8559.02 1051.98
8578.76 1038
8598.5 1024.01
8618.24 1010
8637.98 995.982
8657.72 981.949
8677.45 967.903
8697.19 953.844
8716.93 939.772
8736.67 925.688
8756.41 911.59
8776.15 897.48
8795.89 883.357
8815.63 869.222
8835.37 855.074
8855.11 840.914
8874.85 826.741
8894.59 812.556
8914.33 798.358
8934.07 784.149
8953.81 769.927
8973.55 755.693
8993.29 741.447
9013.03 727.188
9032.77 712.918
9052.51 698.636
9072.24 684.342
9091.98 670.036
9111.72 655.719
9131.46 641.389
9151.2 627.048
9170.94 612.695
9190.68 598.331
9210.42 583.955
9230.16 569.568
9249.9 555.169
9269.64 540.759
9289.38 526.338
9309.12 511.905
9328.86 497.461
9348.6 483.006
9368.34 468.54
9388.08 454.062
9407.82 439.574
9427.56 425.074
9447.29 410.564
9467.03 396.042
9486.77 381.51
9506.51 366.967
9526.25 352.413
9545.99 337.849
9565.73 323.273
9585.47 308.688
9605.21 294.091
9624.95 279.484
9644.69 264.866
9664.43 250.238
9684.17 235.6
9703.91 220.951
9723.65 206.292
9743.39 191.622
9763.13 176.943
9782.87 162.253
9802.61 147.553
9822.34 132.842
9842.08 118.122
9861.82 103.391
9881.56 88.6509
9901.3 73.9005
9921.04 59.1401
9940.78 44.3698
9960.52 29.5897
9980.26 14.7997
10000 0
