t I
0 1
0.5 0.990046
1 0.980191
1.5 0.970433
2 0.960773
2.5 0.951209
3 0.941739
3.5 0.932364
4 0.923082
4.5 0.913893
5 0.904794
5.5 0.895786
6 0.886868
6.5 0.878038
7 0.869297
7.5 0.860642
8 0.852073
8.5 0.843589
9 0.83519
9.5 0.826874
10 0.818641
10.5 0.810489
11 0.802419
11.5 0.794429
12 0.786519
12.5 0.778687
13 0.770933
13.5 0.763256
14 0.755656
14.5 0.748131
15 0.740681
15.5 0.733305
16 0.726002
16.5 0.718773
17 0.711615
17.5 0.704528
18 0.697512
18.5 0.690565
19 0.683688
19.5 0.676879
20 0.670137
20.5 0.663463
21 0.656855
21.5 0.650313
22 0.643837
22.5 0.637424
23 0.631075
23.5 0.62479
24 0.618567
24.5 0.612406
25 0.606306
25.5 0.600267
26 0.594288
26.5 0.588369
27 0.582508
27.5 0.576706
28 0.570961
28.5 0.565274
29 0.559643
29.5 0.554069
30 0.548549
30.5 0.543085
31 0.537675
31.5 0.532319
32 0.527016
32.5 0.521766
33 0.516569
33.5 0.511423
34 0.506328
34.5 0.501284
35 0.49629
35.5 0.491346
36 0.486451
36.5 0.481605
37 0.476807
37.5 0.472057
38 0.467354
38.5 0.462698
39 0.458088
39.5 0.453524
40 0.449006
40.5 0.444533
41 0.440104
41.5 0.435719
42 0.431378
42.5 0.42708
43 0.422825
43.5 0.418612
44 0.414441
44.5 0.410312
45 0.406224
45.5 0.402177
46 0.39817
46.5 0.394202
47 0.390275
47.5 0.386386
48 0.382536
48.5 0.378724
49 0.374951
49.5 0.371215
50 0.367516
50.5 0.363854
51 0.360229
51.5 0.356639
52 0.353085
52.5 0.349567
53 0.346084
53.5 0.342635
54 0.339221
54.5 0.335841
55 0.332494
55.5 0.329181
56 0.325901
56.5 0.322653
57 0.319438
57.5 0.316255
58 0.313104
58.5 0.309983
59 0.306894
59.5 0.303836
60 0.300808
60.5 0.297811
61 0.294843
61.5 0.291905
62 0.288996
62.5 0.286116
63 0.283265
63.5 0.280442
64 0.277647
64.5 0.27488
65 0.272141
65.5 0.269429
66 0.266744
66.5 0.264085
67 0.261454
67.5 0.258848
68 0.256268
68.5 0.253714
69 0.251186
69.5 0.248683
70 0.246204
70.5 0.243751
71 0.241321
71.5 0.238916
72 0.236535
72.5 0.234178
73 0.231844
73.5 0.229533
74 0.227246
74.5 0.224981
75 0.222739
75.5 0.220519
76 0.218321
76.5 0.216145
77 0.213991
77.5 0.211858
78 0.209747
78.5 0.207656
79 0.205586
79.5 0.203537
80 0.201509
80.5 0.1995
81 0.197512
81.5 0.195543
82 0.193594
82.5 0.191665
83 0.189755
83.5 0.187863
84 0.185991
84.5 0.184137
85 0.182302
85.5 0.180485
86 0.178686
86.5 0.176905
87 0.175142
87.5 0.173396
88 0.171668
88.5 0.169957
89 0.168263
89.5 0.166586
90 0.164925
90.5 0.163281
91 0.161654
91.5 0.160043
92 0.158447
92.5 0.156868
93 0.155304
93.5 0.153756
94 0.152224
94.5 0.150707
95 0.149204
95.5 0.147717
96 0.146245
96.5 0.144787
97 0.143344
97.5 0.141915
98 0.1405
98.5 0.1391
99 0.137714
99.5 0.136341
100 0.134982
100.5 0.133636
101 0.132304
101.5 0.130985
102 0.12968
102.5 0.128387
103 0.127107
103.5 0.12584
104 0.124586
104.5 0.123344
105 0.122115
105.5 0.120897
106 0.119692
106.5 0.118499
107 0.117318
107.5 0.116149
108 0.114991
108.5 0.113845
109 0.11271
109.5 0.111586
110 0.110474
110.5 0.109373
111 0.108282
111.5 0.107203
112 0.106134
112.5 0.105076
113 0.104029
113.5 0.102992
114 0.101965
114.5 0.100949
115 0.0999426
115.5 0.0989464
116 0.09796
116.5 0.0969835
117 0.0960168
117.5 0.0950596
118 0.094112
118.5 0.0931739
119 0.0922451
119.5 0.0913255
120 0.0904152
120.5 0.0895138
121 0.0886215
121.5 0.0877381
122 0.0868635
122.5 0.0859976
123 0.0851403
123.5 0.0842916
124 0.0834513
124.5 0.0826194
125 0.0817958
125.5 0.0809804
126 0.0801731
126.5 0.0793739
127 0.0785827
127.5 0.0777993
128 0.0770237
128.5 0.0762559
129 0.0754957
129.5 0.0747431
130 0.073998
130.5 0.0732604
131 0.07253
131.5 0.071807
132 0.0710912
132.5 0.0703825
133 0.0696809
133.5 0.0689862
134 0.0682985
134.5 0.0676176
135 0.0669436
135.5 0.0662762
136 0.0656155
136.5 0.0649614
137 0.0643138
137.5 0.0636727
138 0.0630379
138.5 0.0624095
139 0.0617873
139.5 0.0611714
140 0.0605616
140.5 0.0599578
141 0.0593601
141.5 0.0587683
142 0.0581825
142.5 0.0576025
143 0.0570282
143.5 0.0564597
144 0.0558969
144.5 0.0553396
145 0.0547879
145.5 0.0542417
146 0.053701
146.5 0.0531656
147 0.0526356
147.5 0.0521109
148 0.0515914
148.5 0.0510771
149 0.0505679
149.5 0.0500638
150 0.0495647
150.5 0.0490706
151 0.0485814
151.5 0.048097
152 0.0476176
152.5 0.0471429
153 0.0466729
153.5 0.0462076
154 0.0457469
154.5 0.0452909
155 0.0448394
155.5 0.0443923
156 0.0439498
156.5 0.0435116
157 0.0430779
157.5 0.0426484
158 0.0422232
158.5 0.0418023
159 0.0413856
159.5 0.040973
160 0.0405645
160.5 0.0401601
161 0.0397597
161.5 0.0393634
162 0.0389709
162.5 0.0385824
163 0.0381978
163.5 0.037817
164 0.03744
164.5 0.0370667
165 0.0366972
165.5 0.0363313
166 0.0359691
166.5 0.0356105
167 0.0352555
167.5 0.034904
168 0.0345561
168.5 0.0342116
169 0.0338705
169.5 0.0335328
170 0.0331985
170.5 0.0328676
171 0.0325399
171.5 0.0322155
172 0.0318943
172.5 0.0315763
173 0.0312615
173.5 0.0309499
174 0.0306413
174.5 0.0303359
175 0.0300334
175.5 0.029734
176 0.0294376
176.5 0.0291441
177 0.0288535
177.5 0.0285659
178 0.0282811
178.5 0.0279991
179 0.02772
179.5 0.0274437
180 0.0271701
180.5 0.0268992
181 0.026631
181.5 0.0263655
182 0.0261027
182.5 0.0258424
183 0.0255848
183.5 0.0253297
184 0.0250772
184.5 0.0248272
185 0.0245797
185.5 0.0243346
186 0.024092
186.5 0.0238518
187 0.023614
187.5 0.0233786
188 0.0231455
188.5 0.0229148
189 0.0226863
189.5 0.0224602
190 0.0222363
190.5 0.0220146
191 0.0217951
191.5 0.0215778
192 0.0213627
192.5 0.0211497
193 0.0209388
193.5 0.0207301
194 0.0205234
194.5 0.0203188
195 0.0201162
195.5 0.0199157
196 0.0197171
196.5 0.0195206
197 0.019326
197.5 0.0191333
198 0.0189425
198.5 0.0187537
199 0.0185667
199.5 0.0183816
200 0.0181983
