t S I R
0 9999 1 0
0.5 9998.78 1.16181 0.0539442
1 9998.53 1.34979 0.116617
1.5 9998.24 1.56819 0.18943
2 9997.9 1.8219 0.274024
2.5 9997.51 2.11665 0.372303
3 9997.05 2.45906 0.486482
3.5 9996.52 2.85684 0.619132
4 9995.91 3.31892 0.773237
4.5 9995.19 3.8557 0.952268
5 9994.36 4.47922 1.16025
5.5 9993.39 5.20347 1.40187
6 9992.27 6.0447 1.68255
6.5 9990.97 7.02177 2.0086
7 9989.46 8.15654 2.38735
7.5 9987.7 9.47439 2.8273
8 9985.66 11.0047 3.33833
8.5 9983.29 12.7817 3.93188
9 9980.53 14.8449 4.62127
9.5 9977.34 17.24 5.4219
10 9973.63 20.0203 6.35168
10.5 9969.32 23.247 7.43136
11 9964.32 26.9913 8.685
11.5 9958.52 31.3352 10.1405
12 9951.8 36.3738 11.8301
12.5 9943.99 42.2164 13.7912
13 9934.94 48.9892 16.0672
13.5 9924.45 56.8375 18.7081
14 9912.3 65.9282 21.7717
14.5 9898.22 76.4529 25.3248
15 9881.92 88.6309 29.4445
15.5 9863.07 102.713 34.2196
16 9841.26 118.983 39.7522
16.5 9816.07 137.767 46.1598
17 9786.99 159.429 53.5769
17.5 9753.46 184.383 62.1575
18 9714.83 213.088 72.0776
18.5 9670.4 246.058 83.5374
19 9619.38 283.859 96.7639
19.5 9560.88 327.109 112.014
20 9493.95 376.477 129.577
20.5 9417.55 432.675 149.776
21 9330.58 496.452 172.971
21.5 9231.87 568.575 199.56
22 9120.21 649.807 229.98
22.5 8994.41 740.886 264.705
23 8853.28 842.48 304.244
23.5 8695.71 955.15 349.138
24 8520.76 1079.29 399.95
24.5 8327.64 1215.09 457.261
25 8115.89 1362.46 521.653
25.5 7885.36 1520.95 593.693
26 7636.33 1689.75 673.919
26.5 7369.56 1867.62 762.819
27 7086.3 2052.9 860.805
27.5 6788.34 2243.46 968.197
28 6477.96 2436.84 1085.2
28.5 6157.88 2630.24 1211.88
29 5831.16 2820.67 1348.17
29.5 5501.09 3005.06 1493.85
30 5171.04 3180.43 1648.53
30.5 4844.32 3343.98 1811.69
31 4524.06 3493.25 1982.69
31.5 4213.05 3626.21 2160.75
32 3913.69 3741.3 2345.01
32.5 3627.92 3837.52 2534.56
33 3357.21 3914.35 2728.44
33.5 3102.52 3971.8 2925.67
34 2864.41 4010.28 3125.3
34.5 2643.03 4030.57 3326.4
35 2438.19 4033.74 3528.08
35.5 2249.44 4021.05 3729.51
36 2076.14 3993.92 3929.94
36.5 1917.48 3953.84 4128.68
37 1772.57 3902.29 4325.13
37.5 1640.47 3840.78 4518.75
38 1520.22 3770.71 4709.07
38.5 1410.87 3693.43 4895.7
39 1311.49 3610.2 5078.31
39.5 1221.19 3522.17 5256.64
40 1139.17 3430.37 5430.47
40.5 1064.64 3335.73 5599.63
41 996.887 3239.11 5764.01
41.5 935.268 3141.21 5923.52
42 879.183 3042.7 6078.12
42.5 828.093 2944.12 6227.79
43 781.508 2845.96 6372.54
43.5 738.988 2748.62 6512.4
44 700.135 2652.45 6647.42
44.5 664.593 2557.74 6777.67
45 632.04 2464.74 6903.22
45.5 602.189 2373.64 7024.17
46 574.783 2284.6 7140.62
46.5 549.59 2197.74 7252.67
47 526.404 2113.17 7360.43
47.5 505.037 2030.94 7464.02
48 485.323 1951.11 7563.56
48.5 467.113 1873.71 7659.17
49 450.271 1798.75 7750.98
49.5 434.677 1726.23 7839.09
50 420.223 1656.14 7923.64
50.5 406.808 1588.45 8004.74
51 394.347 1523.13 8082.52
51.5 382.758 1460.15 8157.1
52 371.969 1399.45 8228.58
52.5 361.915 1341.01 8297.08
53 352.537 1284.75 8362.71
53.5 343.781 1230.63 8425.59
54 335.599 1178.59 8485.81
54.5 327.945 1128.57 8543.48
55 320.781 1080.52 8598.7
55.5 314.069 1034.36 8651.57
56 307.776 990.055 8702.17
56.5 301.871 947.528 8750.6
57 296.326 906.724 8796.95
57.5 291.115 867.583 8841.3
58 286.216 830.049 8883.74
58.5 281.606 794.062 8924.33
59 277.265 759.568 8963.17
59.5 273.176 726.512 9000.31
60 269.321 694.838 9035.84
60.5 265.685 664.496 9069.82
61 262.255 635.434 9102.31
61.5 259.015 607.602 9133.38
62 255.956 580.953 9163.09
62.5 253.064 555.439 9191.5
63 250.33 531.017 9218.65
63.5 247.744 507.641 9244.62
64 245.296 485.269 9269.43
64.5 242.979 463.862 9293.16
65 240.785 443.379 9315.84
65.5 238.707 423.782 9337.51
66 236.737 405.035 9358.23
66.5 234.869 387.102 9378.03
67 233.098 369.95 9396.95
67.5 231.418 353.546 9415.04
68 229.824 337.858 9432.32
68.5 228.311 322.856 9448.83
69 226.874 308.511 9464.61
69.5 225.51 294.796 9479.69
70 224.213 281.682 9494.1
70.5 222.982 269.145 9507.87
71 221.812 257.16 9521.03
71.5 220.699 245.703 9533.6
72 219.642 234.751 9545.61
72.5 218.636 224.283 9557.08
73 217.679 214.278 9568.04
73.5 216.769 204.715 9578.52
74 215.904 195.575 9588.52
74.5 215.08 186.84 9598.08
75 214.295 178.493 9607.21
75.5 213.549 170.515 9615.94
76 212.838 162.892 9624.27
76.5 212.162 155.608 9632.23
77 211.517 148.647 9639.84
77.5 210.903 141.996 9647.1
78 210.319 135.641 9654.04
78.5 209.762 129.569 9660.67
79 209.231 123.767 9667
79.5 208.726 118.224 9673.05
80 208.244 112.928 9678.83
80.5 207.785 107.869 9684.35
81 207.347 103.035 9689.62
81.5 206.93 98.4163 9694.65
82 206.532 94.0044 9699.46
82.5 206.153 89.7895 9704.06
83 205.791 85.763 9708.45
83.5 205.446 81.9165 9712.64
84 205.118 78.2419 9716.64
84.5 204.804 74.7317 9720.46
85 204.505 71.3786 9724.12
85.5 204.22 68.1755 9727.6
86 203.948 65.1158 9730.94
86.5 203.689 62.193 9734.12
87 203.441 59.4012 9737.16
87.5 203.205 56.7344 9740.06
88 202.98 54.1871 9742.83
88.5 202.765 51.7539 9745.48
89 202.56 49.4298 9748.01
89.5 202.364 47.2099 9750.43
90 202.178 45.0894 9752.73
90.5 202 43.0641 9754.94
91 201.83 41.1296 9757.04
91.5 201.667 39.2819 9759.05
92 201.513 37.517 9760.97
92.5 201.365 35.8314 9762.8
93 201.224 34.2213 9764.55
93.5 201.089 32.6836 9766.23
94 200.961 31.2148 9767.82
94.5 200.838 29.812 9769.35
95 200.721 28.4722 9770.81
95.5 200.61 27.1925 9772.2
96 200.503 25.9702 9773.53
96.5 200.401 24.8029 9774.8
97 200.304 23.688 9776.01
97.5 200.211 22.6231 9777.17
98 200.123 21.6061 9778.27
98.5 200.038 20.6348 9779.33
99 199.958 19.7071 9780.34
99.5 199.881 18.821 9781.3
100 199.807 17.9748 9782.22
100.5 199.737 17.1666 9783.1
101 199.67 16.3948 9783.94
101.5 199.606 15.6576 9784.74
102 199.545 14.9535 9785.5
102.5 199.487 14.2811 9786.23
103 199.431 13.6389 9786.93
103.5 199.378 13.0256 9787.6
104 199.327 12.4398 9788.23
104.5 199.279 11.8804 9788.84
105 199.232 11.3461 9789.42
105.5 199.188 10.8358 9789.98
106 199.146 10.3485 9790.51
106.5 199.106 9.88306 9791.01
107 199.067 9.43856 9791.49
107.5 199.031 9.01405 9791.96
108 198.995 8.60863 9792.4
108.5 198.962 8.22143 9792.82
109 198.93 7.85165 9793.22
109.5 198.899 7.49849 9793.6
110 198.87 7.16121 9793.97
110.5 198.842 6.8391 9794.32
111 198.816 6.53148 9794.65
111.5 198.791 6.23769 9794.97
112 198.766 5.95711 9795.28
112.5 198.743 5.68914 9795.57
113 198.721 5.43323 9795.85
113.5 198.7 5.18883 9796.11
114 198.68 4.95542 9796.36
114.5 198.661 4.73251 9796.61
115 198.642 4.51963 9796.84
115.5 198.625 4.31631 9797.06
116 198.608 4.12215 9797.27
116.5 198.592 3.93671 9797.47
117 198.577 3.75962 9797.66
117.5 198.562 3.59049 9797.85
118 198.548 3.42897 9798.02
118.5 198.535 3.27472 9798.19
119 198.522 3.1274 9798.35
119.5 198.51 2.98671 9798.5
120 198.498 2.85235 9798.65
120.5 198.487 2.72403 9798.79
121 198.477 2.60148 9798.92
121.5 198.467 2.48445 9799.05
122 198.457 2.37268 9799.17
122.5 198.448 2.26594 9799.29
123 198.439 2.164 9799.4
123.5 198.431 2.06665 9799.5
124 198.423 1.97367 9799.6
124.5 198.415 1.88488 9799.7
125 198.408 1.80008 9799.79
125.5 198.401 1.7191 9799.88
126 198.394 1.64176 9799.96
126.5 198.388 1.5679 9800.04
127 198.381 1.49736 9800.12
127.5 198.376 1.43 9800.19
128 198.37 1.36566 9800.26
128.5 198.365 1.30422 9800.33
129 198.36 1.24554 9800.39
129.5 198.355 1.18951 9800.46
130 198.35 1.13599 9800.51
130.5 198.346 1.08489 9800.57
131 198.342 1.03608 9800.62
131.5 198.338 0.989464 9800.67
132 198.334 0.944948 9800.72
132.5 198.33 0.902435 9800.77
133 198.327 0.861834 9800.81
133.5 198.323 0.82306 9800.85
134 198.32 0.786031 9800.89
134.5 198.317 0.750667 9800.93
135 198.314 0.716895 9800.97
135.5 198.311 0.684641 9801
136 198.309 0.653839 9801.04
136.5 198.306 0.624423 9801.07
137 198.304 0.59633 9801.1
137.5 198.302 0.5695 9801.13
138 198.299 0.543878 9801.16
138.5 198.297 0.519409 9801.18
139 198.295 0.49604 9801.21
139.5 198.293 0.473723 9801.23
140 198.291 0.45241 9801.26
140.5 198.29 0.432056 9801.28
141 198.288 0.412617 9801.3
141.5 198.286 0.394053 9801.32
142 198.285 0.376325 9801.34
142.5 198.283 0.359393 9801.36
143 198.282 0.343224 9801.37
143.5 198.281 0.327782 9801.39
144 198.279 0.313035 9801.41
144.5 198.278 0.298951 9801.42
145 198.277 0.285501 9801.44
145.5 198.276 0.272656 9801.45
146 198.275 0.260389 9801.46
146.5 198.274 0.248674 9801.48
147 198.273 0.237486 9801.49
147.5 198.272 0.226801 9801.5
148 198.271 0.216597 9801.51
148.5 198.27 0.206852 9801.52
149 198.269 0.197546 9801.53
149.5 198.269 0.188658 9801.54
150 198.268 0.18017 9801.55
150.5 198.267 0.172064 9801.56
151 198.267 0.164323 9801.57
151.5 198.266 0.156929 9801.58
152 198.265 0.149869 9801.58
152.5 198.265 0.143126 9801.59
153 198.264 0.136687 9801.6
153.5 198.264 0.130537 9801.61
154 198.263 0.124664 9801.61
154.5 198.263 0.119055 9801.62
155 198.262 0.113699 9801.62
155.5 198.262 0.108583 9801.63
156 198.261 0.103698 9801.63
156.5 198.261 0.0990326 9801.64
157 198.261 0.094577 9801.64
157.5 198.26 0.0903218 9801.65
158 198.26 0.0862582 9801.65
158.5 198.26 0.0823773 9801.66
159 198.259 0.078671 9801.66
159.5 198.259 0.0751315 9801.67
160 198.259 0.0717513 9801.67
160.5 198.258 0.0685231 9801.67
161 198.258 0.0654401 9801.68
161.5 198.258 0.0624959 9801.68
162 198.258 0.0596841 9801.68
162.5 198.257 0.0569989 9801.69
163 198.257 0.0544344 9801.69
163.5 198.257 0.0519853 9801.69
164 198.257 0.0496464 9801.69
164.5 198.257 0.0474128 9801.7
165 198.256 0.0452796 9801.7
165.5 198.256 0.0432424 9801.7
166 198.256 0.0412969 9801.7
166.5 198.256 0.0394389 9801.7
167 198.256 0.0376645 9801.71
167.5 198.256 0.0359699 9801.71
168 198.255 0.0343516 9801.71
168.5 198.255 0.032806 9801.71
169 198.255 0.0313301 9801.71
169.5 198.255 0.0299205 9801.72
170 198.255 0.0285743 9801.72
170.5 198.255 0.0272887 9801.72
171 198.255 0.026061 9801.72
171.5 198.255 0.0248884 9801.72
172 198.255 0.0237687 9801.72
172.5 198.254 0.0226993 9801.72
173 198.254 0.021678 9801.72
173.5 198.254 0.0207027 9801.73
174 198.254 0.0197712 9801.73
174.5 198.254 0.0188817 9801.73
175 198.254 0.0180322 9801.73
175.5 198.254 0.0172209 9801.73
176 198.254 0.0164461 9801.73
176.5 198.254 0.0157062 9801.73
177 198.254 0.0149995 9801.73
177.5 198.254 0.0143247 9801.73
178 198.254 0.0136802 9801.73
178.5 198.254 0.0130647 9801.73
179 198.254 0.0124769 9801.73
179.5 198.254 0.0119156 9801.73
180 198.253 0.0113795 9801.74
180.5 198.253 0.0108675 9801.74
181 198.253 0.0103785 9801.74
181.5 198.253 0.00991159 9801.74
182 198.253 0.00946565 9801.74
182.5 198.253 0.00903978 9801.74
183 198.253 0.00863307 9801.74
183.5 198.253 0.00824465 9801.74
184 198.253 0.00787372 9801.74
184.5 198.253 0.00751947 9801.74
185 198.253 0.00718116 9801.74
185.5 198.253 0.00685806 9801.74
186 198.253 0.00654951 9801.74
186.5 198.253 0.00625484 9801.74
187 198.253 0.00597343 9801.74
187.5 198.253 0.00570467 9801.74
188 198.253 0.00544801 9801.74
188.5 198.253 0.0052029 9801.74
189 198.253 0.00496881 9801.74
189.5 198.253 0.00474526 9801.74
190 198.253 0.00453176 9801.74
190.5 198.253 0.00432787 9801.74
191 198.253 0.00413315 9801.74
191.5 198.253 0.0039472 9801.74
192 198.253 0.00376961 9801.74
192.5 198.253 0.00360001 9801.74
193 198.253 0.00343804 9801.74
193.5 198.253 0.00328336 9801.74
194 198.253 0.00313563 9801.74
194.5 198.253 0.00299456 9801.74
195 198.253 0.00285983 9801.74
195.5 198.253 0.00273116 9801.74
196 198.253 0.00260828 9801.74
196.5 198.253 0.00249093 9801.74
197 198.253 0.00237886 9801.74
197.5 198.253 0.00227183 9801.75
198 198.253 0.00216962 9801.75
198.5 198.253 0.00207201 9801.75
199 198.253 0.00197878 9801.75
199.5 198.253 0.00188975 9801.75
200 198.253 0.00180473 9801.75
