t I
0 1
0.5 1.16181
1 1.34979
1.5 1.56819
2 1.8219
2.5 2.11665
3 2.45906
3.5 2.85684
4 3.31892
4.5 3.8557
5 4.47922
5.5 5.20347
6 6.0447
6.5 7.02177
7 8.15654
7.5 9.47439
8 11.0047
8.5 12.7817
9 14.8449
9.5 17.24
10 20.0203
10.5 23.247
11 26.9913
11.5 31.3352
12 36.3738
12.5 42.2164
13 48.9892
13.5 56.8375
14 65.9282
14.5 76.4529
15 88.6309
15.5 102.713
16 118.983
16.5 137.767
17 159.429
17.5 184.383
18 213.088
18.5 246.058
19 283.859
19.5 327.109
20 376.477
20.5 432.675
21 496.452
21.5 568.575
22 649.807
22.5 740.886
23 842.48
23.5 955.15
24 1079.29
24.5 1215.09
25 1362.46
25.5 1520.95
26 1689.75
26.5 1867.62
27 2052.9
27.5 2243.46
28 2436.84
28.5 2630.24
29 2820.67
29.5 3005.06
30 3180.43
30.5 3343.98
31 3493.25
31.5 3626.21
32 3741.3
32.5 3837.52
33 3914.35
33.5 3971.8
34 4010.28
34.5 4030.57
35 4033.74
35.5 4021.05
36 3993.92
36.5 3953.84
37 3902.29
37.5 3840.78
38 3770.71
38.5 3693.43
39 3610.2
39.5 3522.17
40 3430.37
40.5 3335.73
41 3239.11
41.5 3141.21
42 3042.7
42.5 2944.12
43 2845.96
43.5 2748.62
44 2652.45
44.5 2557.74
45 2464.74
45.5 2373.64
46 2284.6
46.5 2197.74
47 2113.17
47.5 2030.94
48 1951.11
48.5 1873.71
49 1798.75
49.5 1726.23
50 1656.14
50.5 1588.45
51 1523.13
51.5 1460.15
52 1399.45
52.5 1341.01
53 1284.75
53.5 1230.63
54 1178.59
54.5 1128.57
55 1080.52
55.5 1034.36
56 990.055
56.5 947.528
57 906.724
57.5 867.583
58 830.049
58.5 794.062
59 759.568
59.5 726.512
60 694.838
60.5 664.496
61 635.434
61.5 607.602
62 580.953
62.5 555.439
63 531.017
63.5 507.641
64 485.269
64.5 463.862
65 443.379
65.5 423.782
66 405.035
66.5 387.102
67 369.95
67.5 353.546
68 337.858
68.5 322.856
69 308.511
69.5 294.796
70 281.682
70.5 269.145
71 257.16
71.5 245.703
72 234.751
72.5 224.283
73 214.278
73.5 204.715
74 195.575
74.5 186.84
75 178.493
75.5 170.515
76 162.892
76.5 155.608
77 148.647
77.5 141.996
78 135.641
78.5 129.569
79 123.767
79.5 118.224
80 112.928
80.5 107.869
81 103.035
81.5 98.4163
82 94.0044
82.5 89.7895
83 85.763
83.5 81.9165
84 78.2419
84.5 74.7317
85 71.3786
85.5 68.1755
86 65.1158
86.5 62.193
87 59.4012
87.5 56.7344
88 54.1871
88.5 51.7539
89 49.4298
89.5 47.2099
90 45.0894
90.5 43.0641
91 41.1296
91.5 39.2819
92 37.517
92.5 35.8314
93 34.2213
93.5 32.6836
94 31.2148
94.5 29.812
95 28.4722
95.5 27.1925
96 25.9702
96.5 24.8029
97 23.688
97.5 22.6231
98 21.6061
98.5 20.6348
99 19.7071
99.5 18.821
100 17.9748
100.5 17.1666
101 16.3948
101.5 15.6576
102 14.9535
102.5 14.2811
103 13.6389
103.5 13.0256
104 12.4398
104.5 11.8804
105 11.3461
105.5 10.8358
106 10.3485
106.5 9.88306
107 9.43856
107.5 9.01405
108 8.60863
108.5 8.22143
109 7.85165
109.5 7.49849
110 7.16121
110.5 6.8391
111 6.53148
111.5 6.23769
112 5.95711
112.5 5.68914
113 5.43323
113.5 5.18883
114 4.95542
114.5 4.73251
115 4.51963
115.5 4.31631
116 4.12215
116.5 3.93671
117 3.75962
117.5 3.59049
118 3.42897
118.5 3.27472
119 3.1274
119.5 2.98671
120 2.85235
120.5 2.72403
121 2.60148
121.5 2.48445
122 2.37268
122.5 2.26594
123 2.164
123.5 2.06665
124 1.97367
124.5 1.88488
125 1.80008
125.5 1.7191
126 1.64176
126.5 1.5679
127 1.49736
127.5 1.43
128 1.36566
128.5 1.30422
129 1.24554
129.5 1.18951
130 1.13599
130.5 1.08489
131 1.03608
131.5 0.989464
132 0.944948
132.5 0.902435
133 0.861834
133.5 0.82306
134 0.786031
134.5 0.750667
135 0.716895
135.5 0.684641
136 0.653839
136.5 0.624423
137 0.59633
137.5 0.5695
138 0.543878
138.5 0.519409
139 0.49604
139.5 0.473723
140 0.45241
140.5 0.432056
141 0.412617
141.5 0.394053
142 0.376325
142.5 0.359393
143 0.343224
143.5 0.327782
144 0.313035
144.5 0.298951
145 0.285501
145.5 0.272656
146 0.260389
146.5 0.248674
147 0.237486
147.5 0.226801
148 0.216597
148.5 0.206852
149 0.197546
149.5 0.188658
150 0.18017
150.5 0.172064
151 0.164323
151.5 0.156929
152 0.149869
152.5 0.143126
153 0.136687
153.5 0.130537
154 0.124664
154.5 0.119055
155 0.113699
155.5 0.108583
156 0.103698
156.5 0.0990326
157 0.094577
157.5 0.0903218
158 0.0862582
158.5 0.0823773
159 0.078671
159.5 0.0751315
160 0.0717513
160.5 0.0685231
161 0.0654401
161.5 0.0624959
162 0.0596841
162.5 0.0569989
163 0.0544344
163.5 0.0519853
164 0.0496464
164.5 0.0474128
165 0.0452796
165.5 0.0432424
166 0.0412969
166.5 0.0394389
167 0.0376645
167.5 0.0359699
168 0.0343516
168.5 0.032806
169 0.0313301
169.5 0.0299205
170 0.0285743
170.5 0.0272887
171 0.026061
171.5 0.0248884
172 0.0237687
172.5 0.0226993
173 0.021678
173.5 0.0207027
174 0.0197712
174.5 0.0188817
175 0.0180322
175.5 0.0172209
176 0.0164461
176.5 0.0157062
177 0.0149995
177.5 0.0143247
178 0.0136802
178.5 0.0130647
179 0.0124769
179.5 0.0119156
180 0.0113795
180.5 0.0108675
181 0.0103785
181.5 0.00991159
182 0.00946565
182.5 0.00903978
183 0.00863307
183.5 0.00824465
184 0.00787372
184.5 0.00751947
185 0.00718116
185.5 0.00685806
186 0.00654951
186.5 0.00625484
187 0.00597343
187.5 0.00570467
188 0.00544801
188.5 0.0052029
189 0.00496881
189.5 0.00474526
190 0.00453176
190.5 0.00432787
191 0.00413315
191.5 0.0039472
192 0.00376961
192.5 0.00360001
193 0.00343804
193.5 0.00328336
194 0.00313563
194.5 0.00299456
195 0.00285983
195.5 0.00273116
196 0.00260828
196.5 0.00249093
197 0.00237886
197.5 0.00227183
198 0.00216962
198.5 0.00207201
199 0.00197878
199.5 0.00188975
200 0.00180473
