t I
0 1
0.5 1.02531
1 1.05125
1.5 1.07786
2 1.10513
2.5 1.1331
3 1.16177
3.5 1.19117
4 1.22131
4.5 1.25221
5 1.28389
5.5 1.31637
6 1.34968
6.5 1.38382
7 1.41883
7.5 1.45472
8 1.49152
8.5 1.52925
9 1.56793
9.5 1.60759
10 1.64825
10.5 1.68994
11 1.73268
11.5 1.7765
12 1.82143
12.5 1.86749
13 1.91471
13.5 1.96312
14 2.01276
14.5 2.06365
15 2.11583
15.5 2.16932
16 2.22416
16.5 2.28038
17 2.33802
17.5 2.39712
18 2.4577
18.5 2.51982
19 2.58349
19.5 2.64878
20 2.71571
20.5 2.78433
21 2.85468
21.5 2.9268
22 3.00073
22.5 3.07653
23 3.15424
23.5 3.23391
24 3.31558
24.5 3.39931
25 3.48514
25.5 3.57314
26 3.66335
26.5 3.75583
27 3.85064
27.5 3.94783
28 4.04747
28.5 4.14961
29 4.25432
29.5 4.36166
30 4.4717
30.5 4.5845
31 4.70014
31.5 4.81868
32 4.94019
32.5 5.06476
33 5.19245
33.5 5.32335
34 5.45753
34.5 5.59508
35 5.73607
35.5 5.8806
36 6.02875
36.5 6.18061
37 6.33627
37.5 6.49583
38 6.65939
38.5 6.82704
39 6.99888
39.5 7.17502
40 7.35556
40.5 7.54062
41 7.73029
41.5 7.92471
42 8.12397
42.5 8.32821
43 8.53755
43.5 8.7521
44 8.972
44.5 9.19738
45 9.42838
45.5 9.66512
46 9.90776
46.5 10.1564
47 10.4113
47.5 10.6725
48 10.9401
48.5 11.2144
49 11.4956
49.5 11.7837
50 12.0789
50.5 12.3814
51 12.6915
51.5 13.0092
52 13.3347
52.5 13.6684
53 14.0102
53.5 14.3605
54 14.7194
54.5 15.0872
55 15.464
55.5 15.8501
56 16.2457
56.5 16.651
57 17.0663
57.5 17.4918
58 17.9277
58.5 18.3742
59 18.8317
59.5 19.3004
60 19.7806
60.5 20.2724
61 20.7763
61.5 21.2924
62 21.8211
62.5 22.3627
63 22.9174
63.5 23.4855
64 24.0675
64.5 24.6635
65 25.2739
65.5 25.8991
66 26.5394
66.5 27.195
67 27.8665
67.5 28.5541
68 29.2582
68.5 29.9792
69 30.7174
69.5 31.4732
70 32.2471
70.5 33.0395
71 33.8506
71.5 34.6811
72 35.5312
72.5 36.4014
73 37.2922
73.5 38.204
74 39.1373
74.5 40.0925
75 41.0701
75.5 42.0705
76 43.0944
76.5 44.1421
77 45.2141
77.5 46.311
78 47.4334
78.5 48.5816
79 49.7563
79.5 50.958
80 52.1873
80.5 53.4446
81 54.7307
81.5 56.0459
82 57.391
82.5 58.7666
83 60.1731
83.5 61.6113
84 63.0817
84.5 64.5849
85 66.1216
85.5 67.6924
86 69.2979
86.5 70.9388
87 72.6157
87.5 74.3293
88 76.0802
88.5 77.8692
89 79.6967
89.5 81.5636
90 83.4705
90.5 85.418
91 87.4069
91.5 89.4379
92 91.5115
92.5 93.6286
93 95.7897
93.5 97.9956
94 100.247
94.5 102.544
95 104.889
95.5 107.28
96 109.72
96.5 112.209
97 114.747
97.5 117.335
98 119.974
98.5 122.664
99 125.406
99.5 128.201
100 131.05
100.5 133.951
101 136.908
101.5 139.919
102 142.986
102.5 146.108
103 149.288
103.5 152.524
104 155.817
104.5 159.169
105 162.579
105.5 166.047
106 169.574
106.5 173.161
107 176.807
107.5 180.513
108 184.279
108.5 188.105
109 191.992
109.5 195.939
110 199.947
110.5 204.015
111 208.143
111.5 212.332
112 216.581
112.5 220.89
113 225.259
113.5 229.687
114 234.174
114.5 238.72
115 243.324
115.5 247.986
116 252.704
116.5 257.479
117 262.309
117.5 267.194
118 272.132
118.5 277.123
119 282.166
119.5 287.259
120 292.401
120.5 297.591
121 302.828
121.5 308.11
122 313.435
122.5 318.801
123 324.208
123.5 329.653
124 335.135
124.5 340.65
125 346.198
125.5 351.776
126 357.382
126.5 363.012
127 368.666
127.5 374.341
128 380.033
128.5 385.74
129 391.459
129.5 397.188
130 402.923
130.5 408.662
131 414.401
131.5 420.138
132 425.868
132.5 431.589
133 437.298
133.5 442.99
134 448.663
134.5 454.312
135 459.935
135.5 465.528
136 471.087
136.5 476.608
137 482.088
137.5 487.522
138 492.908
138.5 498.241
139 503.518
139.5 508.735
140 513.887
140.5 518.972
141 523.985
141.5 528.923
142 533.783
142.5 538.559
143 543.249
143.5 547.849
144 552.356
144.5 556.766
145 561.076
145.5 565.282
146 569.381
146.5 573.37
147 577.246
147.5 581.006
148 584.646
148.5 588.165
149 591.559
149.5 594.825
150 597.962
150.5 600.967
151 603.838
151.5 606.572
152 609.168
152.5 611.623
153 613.937
153.5 616.107
154 618.132
154.5 620.011
155 621.743
155.5 623.327
156 624.761
156.5 626.046
157 627.18
157.5 628.164
158 628.997
158.5 629.679
159 630.21
159.5 630.59
160 630.819
160.5 630.899
161 630.83
161.5 630.612
162 630.246
162.5 629.734
163 629.076
163.5 628.275
164 627.331
164.5 626.245
165 625.02
165.5 623.657
166 622.159
166.5 620.526
167 618.762
167.5 616.868
168 614.847
168.5 612.7
169 610.431
169.5 608.042
170 605.535
170.5 602.913
171 600.179
171.5 597.335
172 594.384
172.5 591.33
173 588.174
173.5 584.921
174 581.572
174.5 578.131
175 574.601
175.5 570.984
176 567.285
176.5 563.505
177 559.648
177.5 555.718
178 551.716
178.5 547.647
179 543.512
179.5 539.316
180 535.061
180.5 530.749
181 526.385
181.5 521.971
182 517.51
182.5 513.005
183 508.459
183.5 503.874
184 499.253
184.5 494.599
185 489.915
185.5 485.203
186 480.466
186.5 475.706
187 470.927
187.5 466.13
188 461.317
188.5 456.492
189 451.657
189.5 446.813
190 441.963
190.5 437.11
191 432.254
191.5 427.399
192 422.546
192.5 417.697
193 412.854
193.5 408.019
194 403.193
194.5 398.378
195 393.577
195.5 388.79
196 384.019
196.5 379.265
197 374.53
197.5 369.816
198 365.123
198.5 360.453
199 355.807
199.5 351.186
200 346.592
