S I u v
0 500 -0 -1
0 1000 -0 -1
0 1500 -0 -1
0 2000 -0 -1
0 2500 -0 -1
0 3000 -0 -1
0 3500 -0 -1
0 4000 -0 -1
0 4500 -0 -1
0 5000 -0 -1
0 5500 -0 -1
0 6000 -0 -1
0 6500 -0 -1
0 7000 -0 -1
0 7500 -0 -1
0 8000 -0 -1
0 8500 -0 -1
0 9000 -0 -1
0 9500 -0 -1
0 10000 -0 -1
500 500 -0.242536 -0.970143
500 1000 -0.242536 -0.970143
500 1500 -0.242536 -0.970143
500 2000 -0.242536 -0.970143
500 2500 -0.242536 -0.970143
500 3000 -0.242536 -0.970143
500 3500 -0.242536 -0.970143
500 4000 -0.242536 -0.970143
500 4500 -0.242536 -0.970143
500 5000 -0.242536 -0.970143
500 5500 -0.242536 -0.970143
500 6000 -0.242536 -0.970143
500 6500 -0.242536 -0.970143
500 7000 -0.242536 -0.970143
500 7500 -0.242536 -0.970143
500 8000 -0.242536 -0.970143
500 8500 -0.242536 -0.970143
500 9000 -0.242536 -0.970143
500 9500 -0.242536 -0.970143
1000 500 -0.5547 -0.83205
1000 1000 -0.5547 -0.83205
1000 1500 -0.5547 -0.83205
1000 2000 -0.5547 -0.83205
1000 2500 -0.5547 -0.83205
1000 3000 -0.5547 -0.83205
1000 3500 -0.5547 -0.83205
1000 4000 -0.5547 -0.83205
1000 4500 -0.5547 -0.83205
1000 5000 -0.5547 -0.83205
1000 5500 -0.5547 -0.83205
1000 6000 -0.5547 -0.83205
1000 6500 -0.5547 -0.83205
1000 7000 -0.5547 -0.83205
1000 7500 -0.5547 -0.83205
1000 8000 -0.5547 -0.83205
1000 8500 -0.5547 -0.83205
1000 9000 -0.5547 -0.83205
1500 500 -0.83205 -0.5547
1500 1000 -0.83205 -0.5547
1500 1500 -0.83205 -0.5547
1500 2000 -0.83205 -0.5547
1500 2500 -0.83205 -0.5547
1500 3000 -0.83205 -0.5547
1500 3500 -0.83205 -0.5547
1500 4000 -0.83205 -0.5547
1500 4500 -0.83205 -0.5547
1500 5000 -0.83205 -0.5547
1500 5500 -0.83205 -0.5547
1500 6000 -0.83205 -0.5547
1500 6500 -0.83205 -0.5547
1500 7000 -0.83205 -0.5547
1500 7500 -0.83205 -0.5547
1500 8000 -0.83205 -0.5547
1500 8500 -0.83205 -0.5547
2000 500 -0.970143 -0.242536
2000 1000 -0.970143 -0.242536
2000 1500 -0.970143 -0.242536
2000 2000 -0.970143 -0.242536
2000 2500 -0.970143 -0.242536
2000 3000 -0.970143 -0.242536
2000 3500 -0.970143 -0.242536
2000 4000 -0.970143 -0.242536
2000 4500 -0.970143 -0.242536
2000 5000 -0.970143 -0.242536
2000 5500 -0.970143 -0.242536
2000 6000 -0.970143 -0.242536
2000 6500 -0.970143 -0.242536
2000 7000 -0.970143 -0.242536
2000 7500 -0.970143 -0.242536
2000 8000 -0.970143 -0.242536
2500 500 -1 0
2500 1000 -1 0
2500 1500 -1 0
2500 2000 -1 0
2500 2500 -1 0
2500 3000 -1 0
2500 3500 -1 0
2500 4000 -1 0
2500 4500 -1 0
2500 5000 -1 0
2500 5500 -1 0
2500 6000 -1 0
2500 6500 -1 0
2500 7000 -1 0
2500 7500 -1 0
3000 500 -0.986394 0.164399
3000 1000 -0.986394 0.164399
3000 1500 -0.986394 0.164399
3000 2000 -0.986394 0.164399
3000 2500 -0.986394 0.164399
3000 3000 -0.986394 0.164399
3000 3500 -0.986394 0.164399
3000 4000 -0.986394 0.164399
3000 4500 -0.986394 0.164399
3000 5000 -0.986394 0.164399
3000 5500 -0.986394 0.164399
3000 6000 -0.986394 0.164399
3000 6500 -0.986394 0.164399
3000 7000 -0.986394 0.164399
3500 500 -0.961524 0.274721
3500 1000 -0.961524 0.274721
3500 1500 -0.961524 0.274721
3500 2000 -0.961524 0.274721
3500 2500 -0.961524 0.274721
3500 3000 -0.961524 0.274721
3500 3500 -0.961524 0.274721
3500 4000 -0.961524 0.274721
3500 4500 -0.961524 0.274721
3500 5000 -0.961524 0.274721
3500 5500 -0.961524 0.274721
3500 6000 -0.961524 0.274721
3500 6500 -0.961524 0.274721
4000 500 -0.936329 0.351123
4000 1000 -0.936329 0.351123
4000 1500 -0.936329 0.351123
4000 2000 -0.936329 0.351123
4000 2500 -0.936329 0.351123
4000 3000 -0.936329 0.351123
4000 3500 -0.936329 0.351123
4000 4000 -0.936329 0.351123
4000 4500 -0.936329 0.351123
4000 5000 -0.936329 0.351123
4000 5500 -0.936329 0.351123
4000 6000 -0.936329 0.351123
4500 500 -0.913812 0.406138
4500 1000 -0.913812 0.406138
4500 1500 -0.913812 0.406138
4500 2000 -0.913812 0.406138
4500 2500 -0.913812 0.406138
4500 3000 -0.913812 0.406138
4500 3500 -0.913812 0.406138
4500 4000 -0.913812 0.406138
4500 4500 -0.913812 0.406138
4500 5000 -0.913812 0.406138
4500 5500 -0.913812 0.406138
5000 500 -0.894427 0.447214
5000 1000 -0.894427 0.447214
5000 1500 -0.894427 0.447214
5000 2000 -0.894427 0.447214
5000 2500 -0.894427 0.447214
5000 3000 -0.894427 0.447214
5000 3500 -0.894427 0.447214
5000 4000 -0.894427 0.447214
5000 4500 -0.894427 0.447214
5000 5000 -0.894427 0.447214
5500 500 -0.877896 0.478852
5500 1000 -0.877896 0.478852
5500 1500 -0.877896 0.478852
5500 2000 -0.877896 0.478852
5500 2500 -0.877896 0.478852
5500 3000 -0.877896 0.478852
5500 3500 -0.877896 0.478852
5500 4000 -0.877896 0.478852
5500 4500 -0.877896 0.478852
6000 500 -0.863779 0.503871
6000 1000 -0.863779 0.503871
6000 1500 -0.863779 0.503871
6000 2000 -0.863779 0.503871
6000 2500 -0.863779 0.503871
6000 3000 -0.863779 0.503871
6000 3500 -0.863779 0.503871
6000 4000 -0.863779 0.503871
6500 500 -0.851658 0.524097
6500 1000 -0.851658 0.524097
6500 1500 -0.851658 0.524097
6500 2000 -0.851658 0.524097
6500 2500 -0.851658 0.524097
6500 3000 -0.851658 0.524097
6500 3500 -0.851658 0.524097
7000 500 -0.841178 0.540758
7000 1000 -0.841178 0.540758
7000 1500 -0.841178 0.540758
7000 2000 -0.841178 0.540758
7000 2500 -0.841178 0.540758
7000 3000 -0.841178 0.540758
7500 500 -0.83205 0.5547
7500 1000 -0.83205 0.5547
7500 1500 -0.83205 0.5547
7500 2000 -0.83205 0.5547
7500 2500 -0.83205 0.5547
8000 500 -0.824042 0.566529
8000 1000 -0.824042 0.566529
8000 1500 -0.824042 0.566529
8000 2000 -0.824042 0.566529
8500 500 -0.816968 0.576683
8500 1000 -0.816968 0.576683
8500 1500 -0.816968 0.576683
9000 500 -0.810679 0.585491
9000 1000 -0.810679 0.585491
9500 500 -0.805056 0.593199
