t I
0 1
0.5 1.07787
1 1.1618
1.5 1.25227
2 1.34977
2.5 1.45487
3 1.56814
3.5 1.69023
4 1.82182
4.5 1.96365
5 2.11652
5.5 2.28128
6 2.45885
6.5 2.65024
7 2.85651
7.5 3.07882
8 3.31842
8.5 3.57665
9 3.85494
9.5 4.15487
10 4.4781
10.5 4.82645
11 5.20185
11.5 5.60641
12 6.04238
12.5 6.51219
13 7.01845
13.5 7.56399
14 8.15184
14.5 8.78527
15 9.46778
15.5 10.2032
16 10.9955
16.5 11.8491
17 12.7688
17.5 13.7596
18 14.827
18.5 15.9768
19 17.2153
19.5 18.5494
20 19.9862
20.5 21.5337
21 23.2002
21.5 24.9947
22 26.9271
22.5 29.0076
23 31.2474
23.5 33.6586
24 36.2539
24.5 39.0472
25 42.0531
25.5 45.2874
26 48.7671
26.5 52.5101
27 56.5359
27.5 60.865
28 65.5194
28.5 70.5225
29 75.8995
29.5 81.6768
30 87.8828
30.5 94.5476
31 101.703
31.5 109.383
32 117.623
32.5 126.461
33 135.937
33.5 146.092
34 156.971
34.5 168.62
35 181.087
35.5 194.423
36 208.679
36.5 223.91
37 240.172
37.5 257.522
38 276.019
38.5 295.723
39 316.695
39.5 338.995
40 362.685
40.5 387.823
41 414.469
41.5 442.679
42 472.508
42.5 504.004
43 537.212
43.5 572.173
44 608.918
44.5 647.471
45 687.848
45.5 730.051
46 774.072
46.5 819.891
47 867.47
47.5 916.758
48 967.684
48.5 1020.16
49 1074.09
49.5 1129.33
50 1185.75
50.5 1243.18
51 1301.44
51.5 1360.32
52 1419.61
52.5 1479.08
53 1538.46
53.5 1597.51
54 1655.95
54.5 1713.52
55 1769.92
55.5 1824.89
56 1878.15
56.5 1929.43
57 1978.49
57.5 2025.07
58 2068.96
58.5 2109.94
59 2147.85
59.5 2182.51
60 2213.8
60.5 2241.6
61 2265.84
61.5 2286.46
62 2303.42
62.5 2316.74
63 2326.43
63.5 2332.54
64 2335.13
64.5 2334.29
65 2330.12
65.5 2322.74
66 2312.28
66.5 2298.89
67 2282.72
67.5 2263.93
68 2242.68
68.5 2219.13
69 2193.47
69.5 2165.85
70 2136.46
70.5 2105.44
71 2072.97
71.5 2039.2
72 2004.28
72.5 1968.37
73 1931.61
73.5 1894.12
74 1856.04
74.5 1817.49
75 1778.58
75.5 1739.41
76 1700.1
76.5 1660.72
77 1621.37
77.5 1582.13
78 1543.07
78.5 1504.25
79 1465.74
79.5 1427.59
80 1389.86
80.5 1352.58
81 1315.79
81.5 1279.54
82 1243.85
82.5 1208.76
83 1174.27
83.5 1140.42
84 1107.22
84.5 1074.69
85 1042.83
85.5 1011.65
86 981.165
86.5 951.372
87 922.275
87.5 893.874
88 866.167
88.5 839.151
89 812.823
89.5 787.176
90 762.205
90.5 737.902
91 714.258
91.5 691.265
92 668.912
92.5 647.19
93 626.088
93.5 605.594
94 585.697
94.5 566.385
95 547.646
95.5 529.468
96 511.839
96.5 494.746
97 478.176
97.5 462.118
98 446.558
98.5 431.484
99 416.883
99.5 402.744
100 389.055
100.5 375.802
101 362.975
101.5 350.562
102 338.55
102.5 326.93
103 315.688
103.5 304.815
104 294.3
104.5 284.132
105 274.301
105.5 264.797
106 255.61
106.5 246.73
107 238.147
107.5 229.853
108 221.839
108.5 214.095
109 206.614
109.5 199.387
110 192.406
110.5 185.663
111 179.15
111.5 172.86
112 166.786
112.5 160.92
113 155.256
113.5 149.788
114 144.508
114.5 139.411
115 134.491
115.5 129.741
116 125.155
116.5 120.73
117 116.458
117.5 112.335
118 108.356
118.5 104.516
119 100.81
119.5 97.2343
120 93.7835
120.5 90.4537
121 87.2408
121.5 84.1407
122 81.1496
122.5 78.2637
123 75.4795
123.5 72.7933
124 70.2019
124.5 67.7019
125 65.2901
125.5 62.9636
126 60.7193
126.5 58.5544
127 56.4662
127.5 54.4519
128 52.5089
128.5 50.6348
129 48.8272
129.5 47.0837
130 45.4022
130.5 43.7803
131 42.2161
131.5 40.7074
132 39.2524
132.5 37.8491
133 36.4958
133.5 35.1907
134 33.932
134.5 32.7182
135 31.5476
135.5 30.4187
136 29.33
136.5 28.2802
137 27.2679
137.5 26.2916
138 25.3502
138.5 24.4424
139 23.567
139.5 22.7229
140 21.9089
140.5 21.124
141 20.3671
141.5 19.6373
142 18.9336
142.5 18.255
143 17.6007
143.5 16.9698
144 16.3615
144.5 15.775
145 15.2094
145.5 14.664
146 14.1382
146.5 13.6312
147 13.1424
147.5 12.6711
148 12.2166
148.5 11.7784
149 11.3559
149.5 10.9486
150 10.5558
150.5 10.1771
151 9.81197
151.5 9.45993
152 9.1205
152.5 8.79324
153 8.47771
153.5 8.1735
154 7.88018
154.5 7.59739
155 7.32473
155.5 7.06185
156 6.80839
156.5 6.56403
157 6.32843
157.5 6.10127
158 5.88227
158.5 5.67112
159 5.46755
159.5 5.27127
160 5.08204
160.5 4.8996
161 4.72371
161.5 4.55412
162 4.39062
162.5 4.23299
163 4.08101
163.5 3.93449
164 3.79322
164.5 3.65703
165 3.52572
165.5 3.39912
166 3.27707
166.5 3.1594
167 3.04596
167.5 2.93658
168 2.83113
168.5 2.72947
169 2.63146
169.5 2.53696
170 2.44586
170.5 2.35802
171 2.27335
171.5 2.19171
172 2.113
172.5 2.03712
173 1.96396
173.5 1.89343
174 1.82543
174.5 1.75987
175 1.69667
175.5 1.63573
176 1.57699
176.5 1.52035
177 1.46575
177.5 1.4131
178 1.36235
178.5 1.31342
179 1.26625
179.5 1.22077
180 1.17693
180.5 1.13466
181 1.0939
181.5 1.05461
182 1.01674
182.5 0.980217
183 0.945011
183.5 0.911068
184 0.878345
184.5 0.846797
185 0.816382
185.5 0.787059
186 0.75879
186.5 0.731536
187 0.70526
187.5 0.679928
188 0.655506
188.5 0.631962
189 0.609262
189.5 0.587378
190 0.56628
190.5 0.54594
191 0.526331
191.5 0.507425
192 0.489199
192.5 0.471627
193 0.454687
193.5 0.438355
194 0.422609
194.5 0.407429
195 0.392795
195.5 0.378686
196 0.365083
196.5 0.35197
197 0.339327
197.5 0.327138
198 0.315388
198.5 0.304059
199 0.293137
199.5 0.282607
200 0.272456
